0.6190476190476191
0.8571428571428572
1.0952380952380953
1.261904761904762
1.5
1.9761904761904763
2.2142857142857144
2.3333333333333335
2.4523809523809526
2.642857142857143
2.928571428571429
3.0476190476190474
3.428571428571429
3.8095238095238098
4.071428571428572
4.119047619047619
4.261904761904762
4.6190476190476195
4.833333333333332
5.071428571428571
5.261904761904762
5.4523809523809526
5.5
5.880952380952381
6.0476190476190474
6.571428571428571
6.857142857142858
7.071428571428571
7.166666666666666
7.285714285714286
7.738095238095238
7.9523809523809526
8.404761904761903
8.547619047619047
9.11904761904762
9.285714285714286
9.714285714285714
9.904761904761905
10.047619047619047
10.119047619047619
10.428571428571429
10.714285714285714
11.119047619047619
11.119047619047619
11.45238095238095
11.595238095238097
11.619047619047619
11.714285714285715
12.095238095238095
12.095238095238095
12.5
12.952380952380954
13.0
13.214285714285715
13.142857142857142
13.547619047619047
13.571428571428573
13.666666666666666
14.166666666666666
14.357142857142858
14.428571428571427
14.738095238095239
15.166666666666668
15.071428571428571
15.095238095238095
15.238095238095239
15.714285714285714
15.642857142857144
15.785714285714286
16.333333333333332
16.738095238095237
16.595238095238095
16.9047619047619
17.214285714285715
17.142857142857142
17.57142857142857
17.666666666666668
17.80952380952381
17.952380952380953
18.30952380952381
18.357142857142858
18.619047619047617
18.904761904761905
18.952380952380953
19.07142857142857
19.19047619047619
19.166666666666668
19.19047619047619
19.26190476190476
19.428571428571427
19.33333333333333
19.642857142857142
20.285714285714285
20.523809523809522
20.61904761904762
21.333333333333336
21.38095238095238
21.619047619047617
21.88095238095238
21.833333333333332
21.92857142857143
21.73809523809524
22.142857142857146
22.499999999999996
22.9047619047619
22.80952380952381
23.047619047619047
23.214285714285715
23.0
23.642857142857142
23.88095238095238
23.809523809523807
23.952380952380953
24.30952380952381
24.476190476190474
24.571428571428573
24.761904761904763
24.619047619047617
25.285714285714285
25.547619047619047
26.285714285714285
26.357142857142858
26.523809523809526
26.833333333333332
27.023809523809522
27.30952380952381
27.857142857142858
27.904761904761905
27.833333333333332
27.500000000000004
27.500000000000004
27.976190476190478
28.19047619047619
28.54761904761905
28.73809523809524
29.28571428571429
29.57142857142857
29.35714285714286
29.54761904761905
29.714285714285715
30.333333333333336
30.5
30.547619047619044
30.761904761904763
30.4047619047619
30.4047619047619
30.238095238095237
30.214285714285715
30.30952380952381
30.523809523809526
30.761904761904763
30.952380952380953
31.261904761904763
31.19047619047619
31.380952380952383
31.66666666666667
31.4047619047619
32.19047619047619
32.142857142857146
32.214285714285715
32.166666666666664
32.642857142857146
32.714285714285715
33.30952380952381
33.73809523809524
34.23809523809524
34.833333333333336
35.095238095238095
35.547619047619044
35.45238095238095
35.42857142857143
35.357142857142854
35.16666666666667
35.285714285714285
35.38095238095238
35.523809523809526
35.357142857142854
35.45238095238095
36.26190476190476
36.452380952380956
36.714285714285715
36.523809523809526
36.714285714285715
36.61904761904762
36.452380952380956
36.69047619047619
36.4047619047619
36.595238095238095
36.738095238095234
36.76190476190476
37.023809523809526
37.0
36.88095238095238
37.26190476190476
37.404761904761905
37.26190476190476
37.73809523809524
37.452380952380956
37.761904761904766
38.19047619047618
38.095238095238095
38.214285714285715
38.30952380952381
38.761904761904766
39.23809523809524
39.5
39.38095238095238
39.19047619047619
39.23809523809524
39.26190476190476
39.523809523809526
39.30952380952381
39.8095238095238
39.952380952380956
40.69047619047619
41.0
41.11904761904761
40.666666666666664
40.666666666666664
41.0952380952381
41.1904761904762
41.45238095238095
41.0
41.6904761904762
43.023809523809526
42.76190476190476
42.523809523809526
42.595238095238095
42.952380952380956
42.952380952380956
42.54761904761905
42.523809523809526
42.57142857142857
42.4047619047619
43.023809523809526
43.19047619047619
43.452380952380956
43.404761904761905
43.023809523809526
43.11904761904762
43.023809523809526
42.88095238095239
42.9047619047619
42.595238095238095
42.214285714285715
42.02380952380952
42.07142857142858
41.857142857142854
41.73809523809524
41.80952380952381
41.59523809523809
41.76190476190476
41.88095238095238
42.095238095238095
42.45238095238095
42.92857142857143
42.97619047619048
42.57142857142857
43.19047619047619
43.11904761904762
43.47619047619048
43.404761904761905
43.73809523809524
44.0
44.642857142857146
44.57142857142857
44.80952380952381
44.761904761904766
44.261904761904766
44.0
44.214285714285715
44.476190476190474
44.52380952380952
43.833333333333336
43.57142857142857
44.047619047619044
44.238095238095234
44.404761904761905
44.38095238095238
44.28571428571429
44.714285714285715
44.57142857142857
44.5
44.642857142857146
44.30952380952381
44.19047619047618
44.42857142857143
44.02380952380952
44.238095238095234
44.07142857142857
43.952380952380956
43.78571428571429
43.5
43.33333333333333
43.547619047619044
43.8095238095238
44.38095238095238
44.69047619047619
44.476190476190474
44.66666666666667
44.404761904761905
44.261904761904766
43.88095238095238
43.666666666666664
44.38095238095238
44.404761904761905
44.61904761904761
44.642857142857146
44.83333333333333
44.88095238095238
45.23809523809524
45.261904761904766
45.61904761904762
45.642857142857146
45.33333333333333
45.404761904761905
45.33333333333333
45.02380952380952
44.92857142857143
45.261904761904766
45.57142857142858
45.33333333333333
45.61904761904762
45.83333333333333
46.0
45.92857142857142
46.3095238095238
46.095238095238095
45.952380952380956
45.952380952380956
46.19047619047619
46.14285714285714
46.61904761904761
46.833333333333336
46.904761904761905
47.21428571428571
47.023809523809526
47.07142857142857
46.38095238095239
46.42857142857143
46.14285714285714
46.57142857142857
46.42857142857143
46.0
46.523809523809526
46.42857142857143
46.80952380952381
47.5
47.714285714285715
48.38095238095238
48.214285714285715
48.38095238095238
47.88095238095238
47.547619047619044
47.5
47.76190476190476
47.476190476190474
48.02380952380953
48.047619047619044
47.95238095238095
48.23809523809524
48.476190476190474
48.214285714285715
48.23809523809524
47.92857142857142
47.92857142857142
48.02380952380953
48.38095238095238
48.142857142857146
47.35714285714286
47.59523809523809
47.57142857142857
47.5
47.523809523809526
47.23809523809524
47.1904761904762
47.333333333333336
47.80952380952381
48.333333333333336
48.0
48.19047619047619
48.4047619047619
48.26190476190476
48.02380952380953
48.83333333333334
48.92857142857143
49.095238095238095
48.95238095238095
48.80952380952381
48.57142857142856
48.09523809523809
48.285714285714285
48.88095238095239
48.97619047619048
48.83333333333334
48.61904761904762
48.642857142857146
48.476190476190474
49.238095238095234
49.92857142857143
49.642857142857146
49.85714285714286
49.61904761904762
49.5
49.30952380952382
49.04761904761905
49.214285714285715
49.30952380952382
49.71428571428571
49.61904761904762
49.452380952380956
49.19047619047619
48.50000000000001
48.76190476190476
49.452380952380956
49.19047619047619
48.714285714285715
48.857142857142854
48.9047619047619
49.023809523809526
49.69047619047619
49.38095238095237
48.97619047619048
48.42857142857142
48.642857142857146
48.714285714285715
48.57142857142856
48.61904761904762
47.904761904761905
48.142857142857146
47.976190476190474
47.976190476190474
48.642857142857146
48.50000000000001
49.238095238095234
49.238095238095234
49.666666666666664
50.023809523809526
49.142857142857146
49.095238095238095
49.166666666666664
48.452380952380956
48.61904761904762
48.66666666666667
49.095238095238095
49.214285714285715
49.30952380952382
49.33333333333333
49.19047619047619
48.95238095238095
48.66666666666667
48.476190476190474
47.80952380952381
47.785714285714285
47.261904761904766
47.21428571428571
48.142857142857146
48.57142857142856
48.38095238095238
48.26190476190476
48.57142857142856
48.95238095238095
48.99999999999999
49.404761904761905
49.523809523809526
49.452380952380956
48.714285714285715
48.97619047619048
48.785714285714285
49.57142857142857
50.095238095238095
49.88095238095238
49.976190476190474
49.523809523809526
49.30952380952382
49.523809523809526
49.952380952380956
49.57142857142857
49.26190476190476
49.33333333333333
49.095238095238095
48.95238095238095
48.738095238095234
49.023809523809526
48.88095238095239
48.88095238095239
49.095238095238095
49.285714285714285
49.61904761904762
50.23809523809524
50.761904761904766
50.88095238095238
51.23809523809524
51.261904761904766
51.38095238095237
51.07142857142857
51.21428571428572
51.261904761904766
51.07142857142857
50.71428571428571
50.38095238095238
49.904761904761905
49.69047619047619
49.92857142857143
49.904761904761905
50.11904761904762
50.45238095238096
50.07142857142858
50.42857142857142
50.404761904761905
50.38095238095238
50.57142857142857
50.595238095238095
50.261904761904766
50.33333333333333
49.80952380952382
50.07142857142858
49.738095238095234
50.476190476190474
50.404761904761905
50.21428571428571
50.8095238095238
50.642857142857146
51.11904761904762
50.95238095238095
50.95238095238095
51.142857142857146
50.761904761904766
50.976190476190474
50.3095238095238
50.38095238095238
49.85714285714286
49.547619047619044
48.785714285714285
48.50000000000001
48.50000000000001
48.452380952380956
48.99999999999999
48.92857142857143
48.714285714285715
49.214285714285715
49.11904761904762
49.04761904761905
48.9047619047619
49.07142857142857
48.857142857142854
48.476190476190474
48.52380952380952
49.04761904761905
49.26190476190476
49.666666666666664
49.547619047619044
49.76190476190476
49.452380952380956
49.80952380952382
49.595238095238095
50.23809523809524
50.33333333333333
49.92857142857143
49.952380952380956
49.80952380952382
49.69047619047619
50.0
50.23809523809524
50.357142857142854
49.976190476190474
50.71428571428571
50.476190476190474
51.21428571428572
51.38095238095237
51.23809523809524
51.45238095238095
51.0
50.8095238095238
50.857142857142854
50.42857142857142
49.952380952380956
50.04761904761905
49.5
49.35714285714286
49.26190476190476
48.80952380952381
49.023809523809526
48.738095238095234
48.95238095238095
49.42857142857143
49.166666666666664
49.19047619047619
49.85714285714286
49.904761904761905
49.85714285714286
49.85714285714286
50.19047619047618
50.261904761904766
50.5
50.38095238095238
50.57142857142857
50.61904761904762
50.8095238095238
50.57142857142857
50.976190476190474
51.21428571428572
51.595238095238095
51.57142857142857
51.66666666666666
51.5
52.07142857142857
51.595238095238095
51.261904761904766
51.57142857142857
51.357142857142854
51.40476190476191
51.714285714285715
51.523809523809526
51.142857142857146
50.71428571428571
50.42857142857142
50.404761904761905
50.57142857142857
50.357142857142854
50.69047619047618
50.523809523809526
50.69047619047618
51.142857142857146
50.73809523809524
50.404761904761905
50.95238095238095
51.07142857142857
50.71428571428571
51.07142857142857
50.976190476190474
50.976190476190474
50.61904761904762
50.357142857142854
50.42857142857142
50.523809523809526
50.66666666666667
50.54761904761905
50.5
50.642857142857146
51.19047619047619
51.61904761904762
51.61904761904762
51.523809523809526
51.45238095238095
51.45238095238095
51.45238095238095
50.857142857142854
50.761904761904766
51.16666666666666
51.21428571428572
51.523809523809526
51.78571428571429
51.857142857142854
52.095238095238095
51.76190476190475
52.14285714285714
52.42857142857142
52.547619047619044
52.476190476190474
52.16666666666667
52.023809523809526
51.595238095238095
51.30952380952382
50.95238095238095
51.21428571428572
51.42857142857144
51.78571428571429
51.66666666666666
51.61904761904762
51.6904761904762
52.047619047619044
51.78571428571429
51.976190476190474
51.976190476190474
51.595238095238095
51.523809523809526
51.547619047619044
51.80952380952382
51.83333333333333
51.38095238095237
51.76190476190475
51.61904761904762
52.16666666666667
52.0
51.88095238095238
52.261904761904766
52.476190476190474
52.761904761904766
52.642857142857146
52.83333333333333
52.83333333333333
52.3095238095238
52.11904761904762
52.214285714285715
51.976190476190474
52.61904761904762
52.095238095238095
52.714285714285715
52.8095238095238
53.28571428571428
53.666666666666664
53.61904761904762
53.49999999999999
53.73809523809524
53.07142857142857
53.52380952380953
53.142857142857146
52.69047619047619
52.95238095238095
52.61904761904762
52.28571428571429
52.66666666666667
52.714285714285715
52.714285714285715
52.73809523809524
53.07142857142857
52.261904761904766
52.23809523809524
52.476190476190474
52.1904761904762
52.023809523809526
52.07142857142857
52.11904761904762
52.16666666666667
51.6904761904762
51.547619047619044
51.38095238095237
51.61904761904762
51.38095238095237
51.142857142857146
51.16666666666666
51.642857142857146
51.476190476190474
51.66666666666666
51.73809523809524
52.16666666666667
51.76190476190475
51.61904761904762
51.28571428571428
51.57142857142857
51.38095238095237
51.714285714285715
52.23809523809524
52.261904761904766
52.16666666666667
52.07142857142857
51.78571428571429
215.2857142857143
309.19047619047626
350.90476190476187
376.2857142857142
391.78571428571433
403.35714285714283
412.26190476190476
419.6190476190476
426.30952380952385
431.7619047619048
435.88095238095235
439.33333333333337
442.1428571428571
445.07142857142856
447.49999999999994
449.40476190476187
451.0714285714285
452.00000000000006
452.88095238095235
453.76190476190476
454.8809523809524
455.7619047619047
456.78571428571433
457.42857142857144
458.04761904761904
458.54761904761904
