1.2939628161496237
1.7427491115320917
2.0976198802247095
2.1788963425089305
2.6137950740384266
3.102629277859707
3.5855101581195292
3.7068288883150613
3.8355143936050626
3.886532254114948
4.384451307864225
4.578978053524504
4.693105695896921
4.973647313019939
5.068248567728935
4.902389017717498
4.9539786337659
5.558852866065037
5.707617963301158
5.7396323376981915
5.72604809927806
5.89360106760352
5.868285213035683
6.2533804046866415
6.334940683606027
6.743866896509447
6.8713843879090035
7.045634641259108
6.7977813096362745
6.825732398878451
7.157872625358374
7.164629316068985
7.1744930331608865
7.46120009515782
7.936904751984623
7.750341809432423
8.126724833525927
8.22505759332281
8.684651167396211
8.610454420668024
9.02861222219095
9.02683620987788
9.268184388089331
9.255819466882839
9.823886103543995
9.515719266979286
9.434890337668072
9.431248132108164
9.61762356171593
9.449445121356963
9.411160383311717
9.745613407644816
9.716779994598648
10.193926897070247
10.427759845951675
10.351785503566235
10.416881396811021
10.262479770151888
10.53100683456829
10.73606892570375
10.727344935334356
10.922408116386412
10.974500323222887
10.987015735045336
11.13798029298786
11.481160071131374
11.732764239742302
11.586683847614724
11.691965384792988
11.921681098809778
12.024196461039775
11.76422579837296
11.632283364086227
11.795336440687453
11.998190385554027
12.049528639296879
11.95602239534119
12.413285194812234
12.297141122680033
11.915315187705067
11.845910328719683
11.913801281970422
12.382524782676056
12.168412874315026
12.330042033738007
12.224283479041368
11.87526408019114
12.210222553410748
12.494278220443364
12.552005926980279
12.476781615448886
12.816795760094168
13.03872979896353
13.004869878442152
12.922889635251323
13.25407626261821
13.306077412194592
13.15764133515114
13.127207467508253
13.2330411729431
13.011538890544202
12.601792408241378
13.038817632318525
13.134533721735412
12.880992612445496
12.471732163703276
12.836907097654127
13.273309370949363
13.028800815962752
13.151438283043792
13.126160525958571
12.930774497673797
12.665993971439674
12.686208962675169
12.819945121661853
13.21496278095054
13.891465438190137
13.875875164742965
13.84100175813036
13.71246430505442
13.696022257438973
13.730825997848841
13.662953073047083
13.766644047479842
13.626673378080728
13.739997642507317
13.260900624591637
13.920619289481664
13.539493070406547
13.33786341651646
12.967808873267325
13.134533721735412
13.24456812970489
13.504768655049057
13.478284280290934
13.278161810713328
13.098757671238653
13.124415437786702
13.194212531460131
13.282387380175772
12.99535566574724
13.101008829503094
13.181012540629588
13.20976201878939
13.44680891893628
12.952256280700395
13.100156494696114
12.911696388029945
13.193170907085532
13.077757364869727
12.67891721352114
12.979394911713568
13.209653647804304
13.355561077856109
13.173733867945506
12.619251815712907
12.724067698918484
13.269447718157279
13.091411395927993
13.269339834626598
13.744331198611167
13.905041112854303
13.773983557996445
13.81082991285752
13.754992596969235
13.791266895394164
13.556230572796254
13.87339890701273
14.290743863695171
14.08750990639216
14.556830911535673
14.521759213104843
14.204736822733452
14.48624685508935
14.49272807935153
14.562337026751829
14.178590662519683
14.341301983352295
14.866558695378659
14.89672564719083
15.214252029159967
15.330632322550816
15.131223958350098
15.167510281803215
15.201129857069565
15.213932110840187
14.406635100955647
14.915779351778768
15.021362587151248
14.879898952612692
14.86470975026408
15.082858257203736
15.143763907495595
15.105449452916094
15.225971457683968
14.795207512121511
14.748690729626274
14.594447326288087
14.626447983008289
14.98191340315495
14.31774507544547
14.937722400570404
14.241936289048645
14.638422859284855
14.721896473683504
14.817329117364228
14.941727745382485
14.987645415665051
15.026031604572973
15.05654459140172
15.26617782672329
14.89595684146754
15.10053954973005
15.32076839619194
15.389813342061611
15.287093541066731
15.073117107676051
14.935057964041846
14.91587532694783
14.679594884283981
14.462985420485818
14.587540253705336
14.675537505852615
15.143763907495597
15.021362587151252
14.762447816975111
14.909501234284525
15.111210392922061
15.122668891746594
15.455993777484785
14.896571889220391
15.179737338390309
14.891285493708914
14.908252975443379
14.975548300015411
15.467474513125806
15.74397402534739
15.62891307880458
14.856540823509851
14.61028984698628
14.841115508762265
15.090733923480926
15.296080751324462
15.130145377999327
14.754435727799104
14.833860069692385
14.836484787023055
14.744050398344646
14.604644978989445
13.979072289716823
13.487627655493856
13.777308960576976
13.659075812314041
13.378607940130461
13.319303929476266
13.513076752447203
13.191087411583066
13.647269587736155
14.253691863484361
13.858015572802051
14.029365856905857
14.21682524248163
14.049901576327722
14.46686492363678
14.206832885749886
14.302058951884375
14.363185799157035
14.461005681181426
14.72817680227909
15.376356874047408
15.063236609015753
14.958810270819859
14.861338685530795
14.65412014971506
14.651794962647976
15.15890014485805
14.840826130984766
15.135745590058821
14.803506988001832
14.735581427093496
14.796000903324064
14.591406262545792
14.60166486329711
15.233791930843289
15.08466148346795
15.494476191848012
16.276333481030004
15.620264004301468
15.482867542488213
15.517279970753236
15.480056497182387
15.515065689074955
15.042694836675196
14.598939093401006
14.438397637011843
14.413410360583947
14.279780714194128
14.692208508627655
14.85124017868707
14.47335482720542
14.190701355022362
14.29811470782036
14.129557785572477
14.007307991083016
14.037118714415953
14.383085666911837
13.992583429463131
14.226971577390007
14.12874723501777
14.331236593159161
14.547859349066158
14.647866707606557
14.60568395530296
14.650055715978535
14.657343538295894
15.237099384245944
15.262126313170333
15.315217145784871
14.915779351778768
14.784056832462436
14.797703648125527
14.075412132106656
14.037934555603831
13.752161469177345
14.136141785947443
14.334912078531495
15.010379911028563
14.647964438170574
14.486721189333071
14.926697365286993
15.096443583009536
15.004294032527946
14.724618926433655
14.986250827789721
14.899819689061056
14.743564923668256
14.702026770129045
14.858853239568774
14.263571102368362
14.004364317302795
13.980956443898634
14.327020609646441
13.881156371509965
13.960873033530415
14.142378563574193
13.89764720758527
13.444104559643014
13.614060951117812
13.510809487893887
13.683306360202518
13.559271535304923
13.514877579365983
13.762650375669882
13.710793840904051
13.588800978617076
13.733182027494163
13.948316480879358
14.277915941088477
14.109787350846187
14.173117273846486
14.057907874760383
14.02895769309007
13.793737140992771
13.360362214374225
13.131394399000065
13.377644879903606
13.604299323263955
14.026345163410195
14.56980628342045
14.46058990149214
14.016605119795116
14.05122608813237
13.76880680271595
13.75443058119572
13.10985672297431
12.776545341333803
12.53173437989236
12.524421275639833
12.408763672589536
12.510880763340303
13.124699030403594
13.276242613227756
13.236502477015803
12.877769249250465
13.234945002204892
13.151960758137763
12.991653812470098
12.572973508345891
12.893078598817478
12.783803800751786
12.72993921931849
12.931128760615401
12.883992949804329
12.458295255985515
12.422576827482322
12.022886777083462
11.437461469362157
11.642222923006312
12.182334041347618
12.573588333141581
12.69559402338776
13.053389777245563
13.352216409405138
12.838758166671832
12.963039039346413
12.783803800751786
12.608152338629036
12.572859648602877
12.4997079605822
12.492559456665694
12.611785144590554
12.513169040516567
11.852482611367655
12.076585891563383
12.59815672077355
12.522317967718188
12.422231109603347
12.5554725507734
12.380674877564937
12.793184405651154
12.701365998563311
12.964474590623979
13.592508712140905
13.751516057006171
13.617761807063333
13.938460289180302
13.742268763006807
13.503432948340228
13.281525128246493
13.1441432333922
13.14760616460456
13.677006779316404
13.726655042622507
14.191831159021268
14.353215545339898
14.50402377289836
15.06234324456328
14.589110330074709
14.407529379286304
14.495730590911954
14.733152498429284
14.295230917081215
13.879836258206236
13.735266672413479
14.22457656765412
14.425542236275021
14.650993762303186
14.229808840259125
14.246458811784576
13.974975425992028
13.896905540449431
14.114413071733217
13.765916120741975
13.734995686466355
13.449023107381786
14.369861999124636
14.950003334216214
14.789884885663279
14.610231057518893
14.754435727799104
15.1343268134221
15.278625751846148
15.210487858144145
15.037059970012221
15.322338081959092
15.46686365643431
15.075263359517255
15.210770203282081
15.784366447413218
15.967898234313527
15.818521173939557
15.87436862922528
15.539405433768245
15.717127732857595
15.765490786562147
16.059510483059437
15.633034364427864
14.953067204835069
15.328671251909434
15.115700128976902
14.554863937014892
14.818198610330494
14.5220746643625
14.704830783620244
14.592877824136623
14.049086430073904
14.050411018721205
13.93057031491836
13.947905945279599
13.706804784496892
13.279800456430962
13.135754366846925
13.71089825087597
13.930385340050805
13.888084907672186
13.436243923461126
13.423964461718771
13.648003842579199
13.529677642124224
13.5682426241106
13.162166629605002
13.19779248824132
12.750861202051617
12.883992949804329
12.729579357292966
13.307777164098969
13.480153473418563
13.406720151339616
13.4106703727323
13.58323748068631
13.902673019741234
13.375354658230396
13.54659635465629
13.493739816072909
13.323451983343807
13.373470817512729
13.156662100303675
13.223691126492035
13.023437776358953
13.032470148771166
13.21589436797897
13.29850119348008
13.249474313956334
13.760819555402406
13.854316897775995
13.750599936104901
13.996102371916525
14.148288814006893
14.583614323254224
14.211991108440985
13.66588648508102
13.716493462401303
14.280482447458803
14.419348511255286
14.526805611220123
15.068557682567342
14.92621783119755
15.04773777511749
15.211221944601943
15.188788071476782
14.99007130728456
14.69532612772609
13.981857471361995
14.150474171685495
13.666619739709907
13.139350251191168
13.282559823844743
12.894322101375423
13.42185279784743
13.865451261293666
14.571535460032308
14.356466608782464
14.130550646638774
14.28513306497613
14.288439695131643
14.189410040299006
14.36366419727195
14.059537097104908
13.589138087104283
13.314681518812629
13.836450171634171
13.769971222528039
13.271691496769137
12.853044792532845
13.016290951654232
12.968338746519406
13.234966635054601
13.39623040197497
13.504768655049057
13.566892063071649
13.694182529442301
13.737663622997903
13.772154244321232
13.978662657376203
13.872986154418854
13.748017812393847
13.549153470606049
13.267289880864347
13.129824456154513
12.648055816041328
12.556453066726073
12.587448070202289
12.5491543674631
12.550796944858735
12.60027009178192
12.949006435891816
13.134533721735412
13.177384570530473
13.188677959605302
13.045052288933464
12.88561506342965
13.442400746927424
13.15764133515114
13.36582569475
13.155965711179075
13.47601116209734
13.31098243454365
12.773138716732163
12.314823210362775
12.332944255378596
12.164529980334478
12.623765986931199
12.374359994264042
12.117956341416855
12.288197339599357
12.067929426165891
12.579052121689111
12.507836706042601
12.4039404376814
12.471915815948757
12.740078648747449
12.608334003786492
13.228821484125511
13.174342388628785
12.587357087234732
12.19933765825136
12.440471875279739
12.173752771170847
12.211629374536177
12.495561409899866
12.160763565797097
12.348998614603579
12.704251002749068
12.772511081518603
12.46950516500104
12.355836255448335
12.603359974792694
12.789961298287084
12.705174967125815
12.033336464499492
11.703909301334914
11.9316435315558
12.072507453782197
12.273626464671619
12.352707635280586
12.737044410990267
12.535389332103502
13.022800219066038
12.927652135760667
13.223517915135224
13.321216923087889
13.548730840105694
13.687490524972295
13.555660316379628
13.754326501680511
13.641457090998088
13.395781573718402
13.914200806412655
14.152335506502109
13.631379025902973
13.534417013478253
13.54298175591056
13.681192870708115
13.157206128660945
13.474141394329772
13.790602552178324
14.466944086338106
14.087855404434038
14.101160794328162
13.895257249527804
13.680020894237742
13.822765706729514
13.846275588465245
13.299168590600635
13.400504203456162
13.572441166244161
13.409047719914405
13.668630750494776
13.881156371509965
13.412805143149725
13.07738518056497
13.451769046259304
13.18674573865658
13.10695177710756
13.198378206901989
13.642128697288767
13.669238185149831
13.930056489777009
14.088424441562228
14.087347316146333
14.214106244380286
14.74964191428238
14.160425422164963
13.945339823963995
13.857292445832115
13.525105961205059
13.151960758137763
13.370216285632342
13.594467503889534
13.733494744404723
13.535263155163962
13.832373161787107
13.983720775777917
14.10781893075382
13.55876475558318
13.696586669897364
13.492063492063494
13.52080801871383
13.392040753269521
13.668651696966736
14.29284734536356
14.020383508093165
13.835622449579411
13.487627655493856
13.68487557191064
13.851402720935804
14.199192857608281
14.164468647314077
14.08653433676736
13.891960080971902
13.710981778281036
13.858118873574629
14.274807444573515
14.018749735421906
14.092081988735764
14.627837727862728
14.643174873467549
14.259134323522064
14.289000744306101
13.476860970781795
13.57743974618027
13.204103864790234
13.043889005244397
12.961271988736295
12.869051011858149
12.731266122626494
12.600520036953897
12.622337052096416
12.859191399697009
12.503830238430341
12.628233200174444
13.051964005519762
12.853913513169637
12.391585325724883
12.768116771158883
12.191613816266132
12.216200424312847
12.656044036413636
13.206293706177085
13.256236250811288
13.315713637998606
12.263381531249966
12.397591217086578
12.130236110439444
12.468035587224332
12.369916826743687
12.414092436197377
12.38509106835445
56.02888448272688
72.99471115635218
76.85554785014979
75.76685987226057
71.18153127175158
68.48186306992147
64.60281562454553
60.74516092405106
56.79243100473722
53.24317690762677
49.69299803712656
46.716408981611096
44.40126226268472
41.32427174284366
39.22152845416246
38.16338151404492
35.76055204255817
34.2044491458774
32.362865602015496
31.279362164950175
29.165255534180307
27.370085887745287
25.084604545213907
23.723461582772785
22.368053757563654
21.440846785992086
