1.0714285714285714
1.6190476190476193
2.0238095238095237
2.4523809523809526
2.880952380952381
3.214285714285715
3.428571428571429
3.9523809523809526
4.357142857142858
4.857142857142857
4.928571428571428
5.285714285714286
5.714285714285714
6.166666666666666
6.5
6.952380952380952
7.428571428571429
7.928571428571429
8.238095238095237
8.976190476190476
9.142857142857142
9.666666666666664
10.023809523809524
10.285714285714286
10.547619047619047
11.119047619047619
11.714285714285715
11.761904761904763
11.904761904761903
12.666666666666668
13.238095238095237
13.404761904761905
13.666666666666666
14.047619047619047
14.476190476190476
14.928571428571427
15.690476190476192
16.04761904761905
16.404761904761905
16.88095238095238
17.666666666666668
18.142857142857142
18.523809523809526
18.857142857142854
19.309523809523807
19.80952380952381
20.5
21.000000000000004
21.119047619047617
21.428571428571427
21.619047619047617
21.857142857142854
22.285714285714285
22.380952380952383
22.952380952380956
23.333333333333332
23.642857142857142
24.19047619047619
24.90476190476191
24.857142857142854
25.047619047619047
25.11904761904762
25.71428571428572
25.952380952380956
26.61904761904762
27.285714285714285
27.690476190476193
28.333333333333332
28.595238095238095
28.642857142857142
28.92857142857143
29.047619047619044
29.404761904761905
29.595238095238095
29.928571428571427
30.0952380952381
30.83333333333333
30.83333333333333
31.21428571428571
31.5
32.0
32.54761904761905
32.73809523809524
32.714285714285715
33.095238095238095
32.95238095238095
33.285714285714285
33.42857142857142
33.54761904761905
33.404761904761905
33.73809523809524
34.11904761904762
34.452380952380956
35.26190476190476
35.523809523809526
35.76190476190476
36.023809523809526
36.07142857142857
36.214285714285715
36.66666666666667
37.214285714285715
37.80952380952381
37.80952380952381
38.14285714285714
38.42857142857143
38.404761904761905
38.404761904761905
38.57142857142857
38.83333333333333
38.857142857142854
39.0952380952381
39.33333333333333
39.952380952380956
40.238095238095234
40.38095238095239
40.738095238095234
40.5
40.85714285714286
41.023809523809526
40.80952380952381
40.976190476190474
41.30952380952381
41.404761904761905
41.52380952380953
41.857142857142854
42.30952380952381
42.02380952380952
41.88095238095238
41.547619047619044
42.16666666666667
42.357142857142854
42.76190476190476
42.92857142857143
42.88095238095239
43.35714285714286
43.452380952380956
43.6904761904762
44.16666666666667
44.19047619047618
44.214285714285715
44.476190476190474
44.61904761904761
45.07142857142858
45.02380952380952
45.49999999999999
45.642857142857146
45.785714285714285
46.04761904761905
45.76190476190476
46.214285714285715
46.452380952380956
46.666666666666664
47.023809523809526
46.88095238095239
46.476190476190474
46.57142857142857
46.61904761904761
46.78571428571428
47.11904761904761
47.04761904761905
47.285714285714285
47.88095238095238
48.9047619047619
48.88095238095239
48.785714285714285
48.80952380952381
48.476190476190474
48.642857142857146
48.476190476190474
48.57142857142856
49.11904761904762
48.88095238095239
49.19047619047619
49.023809523809526
49.30952380952382
49.61904761904762
49.738095238095234
50.23809523809524
49.76190476190476
49.85714285714286
49.76190476190476
50.0
49.92857142857143
50.5
51.023809523809526
50.976190476190474
50.95238095238095
51.095238095238095
50.88095238095238
50.83333333333334
51.45238095238095
52.07142857142857
52.3095238095238
52.047619047619044
51.976190476190474
51.73809523809524
51.19047619047619
51.16666666666666
51.16666666666666
51.357142857142854
52.3095238095238
52.023809523809526
52.16666666666667
51.976190476190474
52.14285714285714
52.14285714285714
51.95238095238095
51.61904761904762
51.78571428571429
52.0
52.3095238095238
52.642857142857146
52.714285714285715
52.714285714285715
52.66666666666667
53.07142857142857
52.595238095238095
52.1904761904762
52.52380952380952
52.92857142857142
53.166666666666664
52.57142857142857
52.5
53.095238095238095
53.49999999999999
53.35714285714286
53.547619047619044
53.38095238095239
53.333333333333336
53.45238095238095
53.35714285714286
53.69047619047619
53.69047619047619
53.76190476190475
53.90476190476191
54.07142857142857
54.52380952380952
54.73809523809523
54.07142857142857
54.11904761904762
53.95238095238095
54.30952380952381
54.595238095238095
54.26190476190476
54.30952380952381
53.476190476190474
54.02380952380953
54.047619047619044
53.45238095238095
53.45238095238095
53.49999999999999
53.666666666666664
54.0
53.595238095238095
53.57142857142857
53.78571428571428
54.166666666666664
54.23809523809524
54.214285714285715
54.07142857142857
54.07142857142857
54.19047619047619
54.26190476190476
54.61904761904762
55.02380952380952
54.45238095238095
53.92857142857142
54.26190476190476
54.35714285714285
54.11904761904762
53.476190476190474
53.19047619047619
53.57142857142857
54.19047619047619
54.666666666666664
54.02380952380953
54.547619047619044
54.666666666666664
54.97619047619048
55.261904761904766
55.16666666666667
55.595238095238095
55.261904761904766
55.07142857142857
54.595238095238095
54.45238095238095
55.214285714285715
55.833333333333336
55.97619047619048
56.07142857142857
55.452380952380956
55.47619047619048
55.47619047619048
55.11904761904761
55.97619047619048
55.547619047619044
55.9047619047619
56.047619047619044
55.547619047619044
56.07142857142857
55.64285714285715
55.714285714285715
56.02380952380953
56.97619047619048
56.80952380952381
56.09523809523809
55.785714285714285
55.42857142857143
54.73809523809523
55.261904761904766
55.595238095238095
55.80952380952381
55.52380952380952
55.047619047619044
54.73809523809523
55.19047619047619
55.02380952380952
54.61904761904762
54.73809523809523
54.26190476190476
54.69047619047619
55.261904761904766
55.547619047619044
55.88095238095237
55.99999999999999
55.61904761904761
55.833333333333336
55.547619047619044
55.4047619047619
54.9047619047619
55.14285714285714
55.214285714285715
55.61904761904761
55.214285714285715
55.452380952380956
55.42857142857143
55.57142857142857
55.64285714285715
56.047619047619044
55.73809523809524
55.714285714285715
55.833333333333336
55.333333333333336
55.52380952380952
55.47619047619048
55.16666666666667
55.547619047619044
54.92857142857142
55.23809523809524
55.30952380952381
55.595238095238095
55.64285714285715
56.285714285714285
56.52380952380952
56.69047619047619
56.666666666666664
56.5952380952381
57.166666666666664
56.92857142857143
57.76190476190477
57.88095238095238
58.26190476190476
58.21428571428571
58.404761904761905
58.26190476190476
58.285714285714285
57.85714285714286
57.69047619047619
57.49999999999999
57.452380952380956
57.69047619047619
58.26190476190476
58.07142857142858
58.26190476190476
58.285714285714285
57.99999999999999
58.42857142857143
58.54761904761905
58.5
58.21428571428571
57.738095238095234
57.5952380952381
57.666666666666664
57.92857142857143
57.85714285714286
58.14285714285715
58.30952380952381
58.19047619047619
57.666666666666664
57.52380952380952
57.88095238095238
57.666666666666664
57.69047619047619
57.833333333333336
57.80952380952381
57.97619047619048
57.92857142857143
58.14285714285715
58.04761904761905
58.26190476190476
58.14285714285715
57.85714285714286
58.5
59.07142857142856
58.666666666666664
58.26190476190476
57.61904761904761
57.71428571428571
57.238095238095234
57.57142857142858
57.71428571428571
57.47619047619048
57.904761904761905
57.666666666666664
58.166666666666664
58.19047619047619
57.833333333333336
58.166666666666664
58.19047619047619
58.30952380952381
58.80952380952381
59.00000000000001
59.0952380952381
59.0952380952381
58.64285714285714
58.26190476190476
58.523809523809526
58.35714285714286
58.47619047619047
58.404761904761905
58.666666666666664
57.97619047619048
57.785714285714285
57.80952380952381
57.738095238095234
57.99999999999999
57.833333333333336
58.19047619047619
57.52380952380952
57.99999999999999
57.33333333333333
57.00000000000001
57.64285714285714
57.238095238095234
57.785714285714285
57.452380952380956
57.88095238095238
57.833333333333336
57.666666666666664
58.02380952380952
57.666666666666664
57.666666666666664
57.666666666666664
57.99999999999999
58.30952380952381
58.02380952380952
57.80952380952381
57.785714285714285
57.69047619047619
57.833333333333336
57.85714285714286
58.02380952380952
58.333333333333336
58.42857142857143
58.38095238095238
58.19047619047619
58.857142857142854
59.023809523809526
58.97619047619047
59.97619047619048
59.333333333333336
59.023809523809526
58.97619047619047
58.73809523809525
58.5
58.333333333333336
58.14285714285715
57.404761904761905
56.952380952380956
57.404761904761905
56.85714285714285
57.14285714285714
56.97619047619048
57.14285714285714
57.35714285714286
57.26190476190476
56.76190476190476
56.38095238095238
55.64285714285715
56.166666666666664
56.30952380952381
56.76190476190476
57.14285714285714
57.14285714285714
56.5952380952381
56.26190476190476
56.738095238095234
56.76190476190476
56.07142857142857
56.07142857142857
56.333333333333336
56.904761904761905
56.904761904761905
57.14285714285714
57.47619047619048
57.26190476190476
57.666666666666664
57.64285714285714
58.04761904761905
57.88095238095238
57.85714285714286
57.54761904761905
57.833333333333336
58.11904761904761
57.71428571428571
57.97619047619048
58.35714285714286
58.26190476190476
58.09523809523809
58.54761904761905
58.59523809523809
58.42857142857143
58.04761904761905
58.166666666666664
57.47619047619048
56.904761904761905
56.61904761904763
56.19047619047619
56.333333333333336
56.19047619047619
55.833333333333336
55.9047619047619
56.166666666666664
56.42857142857143
55.99999999999999
56.80952380952381
56.40476190476191
55.452380952380956
55.714285714285715
55.47619047619048
55.61904761904761
55.57142857142857
55.73809523809524
56.11904761904762
56.214285714285715
55.80952380952381
55.92857142857143
55.99999999999999
55.547619047619044
56.285714285714285
56.833333333333336
55.952380952380956
56.714285714285715
56.35714285714286
55.952380952380956
56.333333333333336
56.14285714285714
55.92857142857143
56.30952380952381
56.23809523809524
56.42857142857143
56.047619047619044
55.714285714285715
55.80952380952381
56.11904761904762
56.5952380952381
56.333333333333336
56.714285714285715
57.00000000000001
56.61904761904763
56.52380952380952
56.52380952380952
55.833333333333336
55.333333333333336
55.547619047619044
55.73809523809524
55.85714285714286
55.85714285714286
55.952380952380956
56.452380952380956
56.547619047619044
57.00000000000001
56.85714285714285
56.92857142857143
56.785714285714285
57.00000000000001
56.92857142857143
57.452380952380956
57.452380952380956
57.833333333333336
57.785714285714285
57.69047619047619
57.54761904761905
57.07142857142857
56.26190476190476
56.14285714285714
56.38095238095238
56.333333333333336
55.952380952380956
56.333333333333336
55.73809523809524
55.833333333333336
56.666666666666664
56.452380952380956
56.14285714285714
56.35714285714286
56.23809523809524
56.76190476190476
56.714285714285715
56.666666666666664
56.76190476190476
57.00000000000001
57.14285714285714
56.80952380952381
56.61904761904763
56.76190476190476
56.69047619047619
56.5952380952381
56.76190476190476
56.547619047619044
56.952380952380956
56.88095238095239
56.35714285714286
55.785714285714285
55.85714285714286
55.85714285714286
56.452380952380956
56.61904761904763
55.714285714285715
56.02380952380953
55.42857142857143
55.35714285714286
55.30952380952381
55.666666666666664
55.452380952380956
55.452380952380956
56.11904761904762
56.333333333333336
56.333333333333336
56.47619047619047
56.547619047619044
56.38095238095238
55.952380952380956
55.9047619047619
55.69047619047619
55.785714285714285
56.452380952380956
56.785714285714285
57.38095238095239
57.33333333333333
56.80952380952381
57.42857142857143
57.57142857142858
57.38095238095239
57.69047619047619
57.76190476190477
57.33333333333333
57.785714285714285
57.38095238095239
57.49999999999999
57.238095238095234
57.452380952380956
56.952380952380956
57.54761904761905
57.404761904761905
56.904761904761905
57.047619047619044
56.452380952380956
56.166666666666664
56.333333333333336
56.30952380952381
56.14285714285714
56.40476190476191
56.452380952380956
56.23809523809524
56.02380952380953
56.14285714285714
55.80952380952381
56.333333333333336
56.38095238095238
55.99999999999999
56.214285714285715
56.666666666666664
56.285714285714285
56.97619047619048
56.547619047619044
56.42857142857143
56.07142857142857
56.285714285714285
56.047619047619044
56.214285714285715
55.952380952380956
55.73809523809524
55.92857142857143
55.97619047619048
55.85714285714286
56.14285714285714
55.69047619047619
56.07142857142857
55.952380952380956
56.452380952380956
56.452380952380956
56.64285714285714
56.76190476190476
56.785714285714285
56.97619047619048
56.85714285714285
56.714285714285715
57.85714285714286
58.285714285714285
58.14285714285715
58.14285714285715
58.452380952380956
58.833333333333336
58.69047619047618
58.73809523809525
58.452380952380956
58.80952380952381
58.857142857142854
58.952380952380956
58.54761904761905
58.54761904761905
58.54761904761905
58.04761904761905
57.30952380952381
57.047619047619044
57.57142857142858
56.88095238095239
57.285714285714285
57.80952380952381
58.166666666666664
58.285714285714285
58.42857142857143
58.38095238095238
58.47619047619047
58.11904761904761
58.23809523809524
57.97619047619048
57.99999999999999
58.21428571428571
58.785714285714285
58.14285714285715
58.11904761904761
58.02380952380952
58.333333333333336
58.47619047619047
58.80952380952381
58.64285714285714
310.8095238095238
367.57142857142856
395.5238095238095
414.4523809523809
426.14285714285717
434.2142857142857
439.2619047619048
444.0952380952381
447.7857142857142
450.54761904761904
453.21428571428567
455.33333333333337
456.69047619047615
458.0
459.42857142857144
460.4523809523809
461.0238095238095
461.71428571428567
462.2857142857143
462.64285714285717
462.9761904761905
463.23809523809524
463.42857142857144
463.4761904761905
463.5714285714285
463.61904761904765
