1.7047124604200086
2.163732426865981
2.518285586295416
2.737912242666736
3.1618611528254847
3.758907970327171
3.9074709920924358
4.175264269306316
4.477497685557861
5.041343989917077
5.079083235326255
5.249015683669057
5.772907577459599
6.035684519585481
6.2935420671930755
6.858037994056552
7.1330700947016545
7.6203627412363755
7.7645144147723695
8.398221909691179
8.431327898671073
8.50638029315872
8.629851400147102
8.771905955332127
8.721988831013674
9.601981965940583
10.324007246837086
10.14011190710123
9.877974655194707
9.992553172174665
10.48711660760571
10.699738935784232
10.678122927762372
10.682840928964845
10.811673265366501
10.912757444415961
11.147615770404695
11.504179114914798
11.688242655631392
11.869090375909048
12.075163337160017
11.978033293012658
11.720947436499332
11.775050928387106
12.359728543445103
12.470354685650944
12.747447713629146
12.677562247139956
12.556270650950967
12.364846889619148
12.827089740112442
12.758605533637581
12.835301134805746
12.239170423457447
12.334801318865862
12.378732179664748
12.878658533471194
12.742168481108418
12.963591193266055
12.892279140980337
13.121906466946273
13.09961009706101
13.336253373647722
13.475076310644093
13.718831083644275
13.781464585422057
13.304678719307717
13.593540798887469
13.568221522628212
13.660584931078162
13.601436828828328
13.69217527152424
14.130044093587163
13.995181803830082
14.165984559227127
14.4709808098747
14.42284273443353
14.218919523499935
14.488282429862783
14.614051880982093
14.748477189945453
14.555945805894227
14.174551465610563
14.296212272279195
14.411423811010652
14.151688113463804
14.704382956235873
14.421036167930525
14.66974209243216
14.53783850004911
14.913475762427794
15.009159117609306
14.48259000720665
14.950443804260175
15.068652684661638
15.130467067904366
15.432765509314569
14.814546396936205
14.945080677288919
14.657656071608043
14.550437272139384
14.94119120645225
14.721118537565184
14.602782477952584
14.669449334047012
14.831080450928033
14.507083154305617
14.265658520826246
14.3285193240876
13.758426638973582
13.63005572665616
13.664880814750951
13.786283540937989
13.868775376296515
13.775230678038414
13.331507983347477
13.234945002204892
13.300653967193304
13.309842393238808
14.185232639274862
14.922074014907851
14.77971818508546
14.974171705755124
14.771754227803404
14.986728440988518
15.065517299237388
14.968358023139505
15.206402678646866
14.733152498429284
15.082383688144024
15.323440503211017
15.522537623807123
15.758806291116345
16.02915627790403
16.04629445750324
16.100018217118233
16.259279294411762
16.503964307311996
16.503773478850395
16.44445767659521
16.554214187793413
16.263663346833223
15.725341192473024
15.386092121765351
15.629059632037709
15.419402230272011
15.481665513210116
15.55680708809335
15.140303692312864
14.778633324222254
14.565541413857785
14.401486952757537
14.391045867129332
14.360454638107164
14.387484221982572
14.202579973503196
14.398226169661537
14.454569655807258
14.414582296417153
14.302219101249214
14.688953787945927
14.555316364692391
14.251281254144544
13.909817256242574
14.1102540493559
14.089968855066578
14.02895769309007
14.084908237234162
13.54298175591056
14.108245106850143
14.045825371990372
13.773297593840356
13.638623387894025
13.725987572167849
13.896802527994447
14.046090361218369
14.010067123529076
14.271678209618313
14.355688813982304
14.062794975541216
14.39552154541036
14.49264905748923
14.768400718166014
15.192086476642281
15.590027916265026
15.352560550703595
15.122971808587224
15.16992628393417
15.653807418911011
15.52421600815801
15.669309753346372
15.272384310625398
14.838028521511395
14.789962319412856
14.544139250295512
14.365079365079364
13.955211673176832
13.710960896477475
13.445275805639959
13.298651898983326
13.64380756838093
13.51273774642301
13.477604509425628
13.0807125701598
13.226310671646612
13.30401159860334
13.312100870748461
13.12801442796866
12.767556163629855
12.769103380630892
13.368224635302402
12.684403347222945
12.392694324741964
12.281298728120982
12.407748410525066
12.58651546360666
12.94004855982276
12.441852661755826
12.410240269143587
12.747268031023237
13.036863200274032
13.07469200201561
12.888081173733024
12.844131445557547
12.767914955284068
12.621951438790354
12.812863555927137
12.708239343576786
13.001434993663382
13.495776587785317
13.422258092432488
13.677006779316404
13.777121927986716
13.537314829119632
13.342778211852385
13.290209759036886
13.3341063474125
13.5513298089494
13.533570818890336
14.018075748722572
13.896493486047815
13.674159505180357
13.345932170322833
13.838995106777249
13.93958999799382
13.415110313638479
12.920563124909107
12.803944598221698
12.636823041969786
12.490977985111137
12.51424438624616
12.605268053568178
12.33182988305079
12.75912165527992
12.812885901405119
12.788707648271114
12.72262752543536
12.964297915968023
13.188829920031587
13.350393641232738
13.461449862518842
13.617194127431919
13.933837799346685
13.907202932663829
13.301407355679448
12.977872765612227
13.151960758137763
13.52087154505126
13.468934423607259
13.493570071219457
13.385197692180542
13.384342063543722
13.389817142019785
13.392468328491075
13.271346324751324
13.162057866739014
13.228886412609395
12.961382436457205
13.155095172932423
12.887725727482243
12.97963755618926
13.095238095238097
12.834297305978032
12.270266882548771
12.784945960650282
12.674287147022264
12.474096479666787
12.663982001659072
12.861929702316482
12.861395445146892
12.622858745466159
12.835211908755722
12.844131445557547
12.389713664789873
12.208698314255496
12.216012927711702
11.967032904743343
12.166059753172833
11.897809417654214
11.831786917361566
11.583718238551354
12.112190004501528
11.817646626957034
11.937209268334566
12.201778220428963
12.198492734502128
11.989859393693399
11.955543447518197
12.019623852957949
12.056726096837732
13.00308649382802
12.84778666574439
12.97886548983887
12.954135070650723
12.705152432208763
12.754116638909958
12.769888129186866
13.313993394904585
12.853022516872652
12.389343920545473
12.408556012106956
12.704251002749068
12.466565836211554
12.852844310201284
12.884104059992252
12.92421888170037
12.825728104246686
12.516989530758668
12.247846118136204
12.243006259581616
12.001626129542425
12.001506849359139
12.714275806032246
12.755530811181274
12.776164382380747
13.583342871135319
13.448363147039933
13.769971222528039
13.82709402889007
13.817462182338563
13.808777409295741
13.718810213788371
13.817565786290203
13.936241685406808
14.094032292456049
14.161133069899604
14.006633453817166
13.908993900252245
13.68380852752787
13.720813575203442
13.72298355336739
13.94353299129224
14.295811727273886
13.988490522799038
13.352109194636128
13.51962213895724
13.624488060561731
13.038795674035248
12.962155544152743
13.0129690914664
12.615598464976408
13.03422754704822
13.029482027703903
12.736482435783927
12.852844310201284
12.334615625098866
12.986010864013926
13.180143656706663
12.976637269404051
12.728387241663672
12.620862584681383
12.394704132550016
11.997689257351855
12.62811983867301
12.91517730799864
12.6284145764601
12.104718043190898
12.590154512747166
12.39378012345882
12.527598429743545
12.591427931477078
12.601974165081117
12.204405972352827
12.36510159357969
12.682620049699581
12.730748871683536
13.338378589188938
13.751932455422525
13.864976322664408
14.090862911831788
13.89432999995481
13.856713917085434
14.038485221602883
13.97077489386083
14.532421610245985
13.9505947338677
13.302096130669444
13.15981715171232
13.210195493839425
12.950487758819113
12.971363025235597
12.794997046745854
12.780466317497977
13.057227619607492
12.519116603730646
12.781362371731339
12.397221707788338
12.253758904820367
12.294812639039462
12.11398637097982
12.407009985932937
11.931283588525325
11.678366780931526
11.818252294232634
12.084999245407195
11.841196336946751
11.870055228865043
12.254389745197876
12.559302969091254
12.431792424376956
12.227468374292211
12.473568564479447
12.70012614702496
12.609628292276993
11.696861907505156
11.841849155426175
12.402670853587738
11.890299054998863
11.94231690649363
11.695882766958448
11.981570400924706
12.273626464671619
12.584513538036685
12.621883388160468
12.523026730501902
12.727779894545636
12.58651546360666
12.509049840211658
12.474211240881587
12.124097780608132
12.583717229114782
12.493017816793998
12.901048259693898
12.382987215772753
12.49317823886596
12.04418120980758
12.204945529959026
12.009138392644605
12.358269079105558
12.610877041209523
12.63775193610352
12.664908903848252
12.204405972352827
12.431907576108237
12.741157314704271
12.101098632076956
12.112568209057505
12.401170268451251
12.65710724351312
12.798554447509028
12.376419046470739
12.36324908144812
12.278873971535061
12.362160601115672
12.086065308627255
11.690324591072802
12.164459370789793
12.032955769632386
12.257193087393196
12.368065035846856
12.395743560446995
11.956573161619746
11.663525016036987
11.772011166898382
12.03752331341523
12.000576423240052
12.146086961643633
11.824622034139514
11.70187871691525
11.60465896388643
11.245731583468958
11.678955156213704
11.655667184732248
12.243848111540883
12.253642078964248
12.212825045077286
12.265902718511528
12.382802244606408
11.623197478427748
11.178393485150801
11.352636743295285
11.329132895273847
11.295116262756007
11.486146460105282
11.564918387899063
11.598538701159319
12.04608279003183
12.10140620582244
12.329484729008765
12.839114968571879
12.927319925217823
12.781563975276732
13.364133325900355
13.366275528899752
13.494270254977753
13.697924443568285
13.522078488757948
13.380384069383123
13.06636810639744
13.07475769589753
12.999232667062731
12.859970650851032
13.094888272033907
12.770784925632297
12.494392796288526
12.226882977840681
12.582875362029593
11.933371106974532
11.727882706666538
12.234935574132473
12.539111719157509
12.614350183437987
12.359195743105055
12.62721291002402
12.966241204780736
13.487818702437574
12.790879071280099
12.571516025757287
13.194755011588716
13.451683909288793
12.874745223443778
12.852955689660442
12.351386424380289
12.147595487811762
12.385576522046044
12.908702489713415
13.087889844378081
13.151612443714717
13.306163480800773
13.008039736275654
13.135165855686465
13.2769542581404
13.469104478932314
13.697422793752837
13.977331269359272
13.781049079327653
13.597731529760605
13.72759361804044
13.434880093065612
13.021327122499859
12.875990496552944
12.491551005180943
12.901425531021562
12.571766542602317
12.745673236895335
12.766860976105887
12.703732651846275
13.104505007437567
13.243076462385847
12.965181265172593
13.213316094409072
13.277816806898718
13.005838528080474
13.055582968168173
12.96286234512491
13.704109948088425
12.802692317461872
12.92802863072253
12.898939775618315
12.880103489377168
12.960057001683559
13.148673173401928
13.108349726152344
13.120335388801205
13.128777723294032
13.155095172932423
12.731828328077748
12.825929010432166
12.260205965343744
12.449283264275806
12.650409810207798
13.322592389158295
13.264268318910478
12.90459861205257
12.74960370738055
12.706617118689605
12.508019828173786
12.924816998002209
12.764326584905621
12.803027761818718
12.497760856734365
12.675190707440393
13.29779070167384
12.68693113690255
12.288919605285246
12.517561360090395
12.657220345395489
12.66780221088746
13.239292494504994
12.640651459077526
13.080887672482264
13.402106527645724
13.460194940769412
13.182055125738396
13.337026218481347
13.24601639954256
12.99606066110483
12.588448839445226
12.848054080051273
12.855272163625303
12.570240589866962
12.760580147060264
12.966152879789474
12.979483146593203
12.574157588555188
12.510880763340303
12.929423781161187
13.014003138835145
12.737673793786097
13.125811526885078
13.192411337464419
13.620452707061665
13.319303929476266
12.865312815847393
12.426839890512989
12.236456545033281
11.994825265986472
12.218473591662116
12.447926302665177
12.380836755296842
12.21144180775034
12.495561409899866
12.733784609557514
12.59781582127903
13.596889275515784
13.255696286759793
13.676504362247726
13.68891284965255
13.173038381315333
13.38374309095102
13.32927427392627
12.368921523596404
12.509873788780922
12.496042571974687
12.415199424746442
12.75355541597769
12.631928227950272
12.72262752543536
12.4041481754343
12.54269604135772
12.815209618376553
12.618253489492236
11.875288189930304
12.41798952046076
12.484007956581031
12.218661050504119
12.528992466026448
12.661630530774465
12.65550108769919
13.125811526885078
12.304123929690402
13.052665943370767
12.597361274269442
12.36510159357969
12.438239279595125
12.297513639148045
12.720579498023024
12.686208962675169
12.590154512747166
12.277568135022014
12.009519842508878
12.060928564872201
12.809287777373402
12.883281821910131
13.162427656816595
13.02104127848796
12.900537816218574
12.740370796461683
12.471915815948757
12.921382990636484
12.573702186286075
12.598338530065531
12.850817035380741
13.483657512124001
13.151438283043792
13.367881955866542
13.030031366069887
13.04265976257919
13.235053166099842
13.51292843835811
14.156441716459284
13.785951253258292
13.349535781856158
13.26519644331445
13.104505007437567
12.879392146728751
12.798039916119484
12.894832790900551
13.029482027703903
13.156857953103746
13.427376549748157
13.793405032872757
13.225423115291369
13.283422008609982
13.143250128316822
12.749064743123947
12.056654855941895
12.066624488887005
12.357898394049561
12.614622546308901
12.563223377943475
12.658577489161562
12.636823041969786
12.932080794183321
12.86584691034729
12.471158233004857
12.273626464671619
12.316125096848566
11.95075291358028
11.260183248585557
11.137337631430592
10.669941905944553
11.163015234994472
10.346722849353817
10.914856142445263
10.717198043609764
10.87872844740813
11.430650564444658
11.450296010511098
11.796428681254344
11.772983975967596
11.52834434682248
11.388115826164327
11.80807296088717
11.850864041841701
11.950824785775595
11.69571140893507
11.80271316746967
12.067288838226016
12.296931577207634
12.275119317138339
12.46254610081966
12.112639121097073
11.929531710739376
11.676503396943232
11.870175829970151
11.976694655445897
11.929531710739376
60.91770523392038
60.46990305645276
56.0616813370834
50.882920067029815
46.76724934166147
41.40926471229498
36.386168406885105
31.723440735377018
28.697922249317703
24.685323451172426
21.24035506519466
18.01595247612967
15.675886297418776
13.794339066580546
11.59984693184195
9.801711445662102
8.957776510031088
7.541998581014737
6.62911156457608
6.031888431523308
5.471169038512369
5.113521520300714
4.756129253700779
4.69188540785635
4.621548640326348
4.591466425740996
