0.4082062095184888
1.1046503567774744
1.4895976062094212
1.9409442242244352
2.497851753431441
2.921356332260258
3.2410082248673984
3.624031402981228
4.351217659870777
4.802377309701163
5.098718540852743
5.376628023969012
5.243722107839106
5.781035505479068
6.458785640815709
6.857829250558958
7.30452760924475
7.532083966283569
8.082920771030176
8.689891392818112
8.978623536805662
9.2879340226218
9.367524810954835
9.41934044603231
9.983925099531051
10.244357515200349
10.14324554895437
10.399028219102624
11.028968682953941
11.087250198977925
11.514502779123417
11.733227879750752
11.88203699234963
12.048768260755455
12.215262912527582
12.64135358725901
12.609605586606273
12.851797296103076
12.6536684637901
12.342226778599208
12.01752749279213
11.752732966180728
11.599353277220171
11.619255590754983
11.446669772619098
11.54767483362256
11.61070202335191
11.815054020200815
12.315171943452244
12.108974788841302
12.402393836150823
12.420848141861443
13.038795674035248
13.185204100920869
13.078808181029947
13.108983122733248
12.917017160533728
12.839114968571879
13.010240572047474
13.20672729506509
13.852890887832944
14.269190379484906
14.585204452412215
14.399180621636004
14.68107710823135
14.282727762218453
14.430800844371658
14.601998195917895
14.29324797344085
14.523020977024398
14.639889694896995
14.365079365079364
14.541934298246565
14.88195763800347
14.408224890724966
13.883218797250715
14.17150110921869
14.055606276435146
14.786380584169606
14.29541117104565
14.289722060876798
14.467656531158102
14.20957342470128
13.913604066243499
14.385792629190691
14.733152498429284
14.527751615716314
14.689187684138764
14.623942193822318
14.883977566479158
14.70866596398506
14.618753062039644
14.59460426722011
14.60166486329711
14.743351309746314
14.976313019929307
15.439906405781134
15.429945336365037
15.249270643519406
14.988696046848728
14.955805008023079
14.54518254859179
14.513555073839632
14.585970008328358
14.055708125038175
14.136708879430746
14.002708228857175
14.295230917081215
13.91609374380025
14.111572896480396
14.339704774090901
14.34044350548595
14.235019076627845
13.887837519472534
13.852746211956074
13.736663207521266
13.761506141546178
13.672589063582524
14.22457656765412
14.74016615323176
14.86671276375853
14.886728075878494
14.161294812988181
14.342599584908589
14.41944779064515
14.310764472870755
14.1575944775185
14.217791872053631
14.077263053381397
13.605667214520413
13.736663207521266
13.829061000215818
14.05967964507765
13.974401769224839
13.663204533041636
14.371714841958438
14.556201508607694
14.543843963604772
14.919483545272469
15.059529750734113
14.815725252035758
14.70000131663553
14.505504199314089
14.201672789528821
14.379283116840668
14.126497713629366
14.280181708853545
14.355688813982304
13.660019031079468
13.174929149812066
13.780778993648163
14.462490511066184
14.760644021323424
15.038887725669307
15.157464646524474
15.064909148938582
14.96034138273605
14.779253254466548
14.393612092898397
14.798612988381674
14.63255404641178
14.341721221308463
14.535337132716938
14.59784079766932
14.199898573379402
14.444741763110395
14.4949405165903
15.222210184666324
14.425323912991757
14.518624043750753
14.171339482618595
13.995345464804307
13.297101703667444
13.603310146975584
13.76880680271595
13.847268084842588
13.638938272868362
13.704109948088425
13.514771655013197
13.353074096566578
13.36593279949217
13.38331523697228
13.721335235901536
14.182305707656079
14.28002131234101
14.277374509728388
14.295711589269011
14.327240430908406
14.198789575705009
14.399001666709943
14.397729034199122
14.254635907707764
13.981427442770505
14.068901464228786
13.651045334771661
12.684335631643462
12.923221959681324
12.647897358389464
12.801954308937733
13.463831765087356
13.191630020226125
12.989008985624736
13.351251445489186
13.53272457139029
13.200113517013573
13.307777164098969
13.508499453290787
13.638938272868362
13.711629098417957
14.466765969650957
14.774389978438371
14.59501622913741
14.41839539433111
13.600931620213444
14.009188347728074
14.063100362950228
14.15077766689315
14.402977918540435
14.108245106850143
14.098094558657268
13.952667415596967
13.857189138898793
13.677006779316404
13.375932601624157
13.384598757877978
13.449555309875311
13.257532074807049
13.58966480237442
13.566469985174171
13.077735471968538
13.44580815645654
13.502584812009546
13.453812171925211
13.8421394209017
13.635936073677499
13.803198863366136
13.417671149700986
13.599521146833293
13.618266391314224
13.700098047175075
14.095982326334578
14.576859249511317
14.593054401555575
14.559879196895059
14.574187775368866
14.432784726862021
14.596487426785334
14.31486523932827
14.117394640785832
14.64202123401538
14.466449312347764
14.059842555276807
14.00107239367347
14.128524325462996
13.95929382696698
14.171743545662597
14.73643631471983
14.417382638559484
13.857953591968892
13.758176919365988
13.886023204671957
14.701033553766177
14.950539556900363
14.500470132832172
14.401864678687618
14.379103914280508
14.580315724744292
14.563182424332174
14.355190205406219
14.26766536595411
14.507734423175995
14.104104565424644
14.301658570626389
14.508523800794318
14.077771505625561
13.901746264801776
13.880970738162718
13.257251323689786
13.290554441148158
13.543404565814724
13.348184541539082
13.869931403467787
13.606677261331917
13.81447805510733
14.321743887163002
14.400115127895646
14.373149136888047
14.165176093061879
14.096286994760016
14.111978670798964
13.468934423607259
13.931371844297097
13.387165430509079
12.999232667062731
12.992623447416587
13.624656174353579
13.758926064591797
13.851733438507674
13.928843787292056
13.787114225099725
14.109787350846187
14.402997797041545
13.90226113628413
13.562142929363441
13.656057074471683
13.305388843302083
13.165015896524348
13.466574684365215
13.293246962486363
13.057161837527328
13.391442125023914
13.033524616172826
13.028361305614258
12.8600819685899
13.402106527645724
13.620894132079892
13.537737816012951
13.339172774744418
13.262714104714574
12.790319461436656
12.734076901670843
13.038795674035248
13.202022094687823
13.687553277706982
12.675371411794812
12.59179174174609
12.778069063568825
12.674400095597225
12.51845336169039
12.170553819166875
12.592360174248945
12.809108962242682
12.751040834023986
13.049331402296241
12.88221505646403
12.727329989105938
12.440448860873387
13.092089349896016
12.841433939272957
13.141855891760676
13.357190228318347
13.13767229431146
13.163732715234866
12.989890654406974
12.863198474162035
13.006256786304316
13.062313763730224
13.054596077849828
13.273848618521988
12.457674741121021
12.016574480907824
12.468035587224332
12.720286895760669
12.850170913565503
13.46606441610541
13.120226279166381
13.39443499871116
13.478284280290934
13.265563358307345
13.53272457139029
12.798934740024153
12.41243176826345
12.871831703310027
13.193453021807114
13.294862213545908
12.870852968434013
12.41741310578686
12.902313184747321
13.434730915716514
13.389282565030172
13.601100025170162
13.593519736675924
13.453790890965367
13.160143493169265
12.919167017601637
12.387980393266814
12.946949990329207
13.370901516069736
13.357790391559895
13.064615031536947
13.265563358307345
12.75373501000298
13.227847518623351
13.004495608122134
13.17477702905161
13.002558036597526
12.882770674489807
12.510766338494905
12.450594086730609
12.730299071171375
12.299934721190068
12.46254610081966
12.627507668979671
12.392856045473673
12.113584575291526
12.651518751817642
12.58105491629189
12.237392433165548
12.59724763495432
12.753398269130944
12.638091758362568
12.32086652000385
12.210574273887536
11.95602239534119
11.981259750846398
11.923986401588238
12.103180517113499
12.401008656144773
12.794997046745854
12.974342464309373
13.004495608122134
12.568668892660927
12.452525573578688
12.525221354387636
12.73542585526221
12.920053452424085
12.781474374093586
12.671756835092243
12.575409859759368
12.591427931477078
12.3839120301624
12.019647673131518
12.056536120180043
12.663620265327808
12.282953815853213
12.460133637121643
12.86586916380363
13.11830580105324
13.119724363158799
13.043186595049846
12.81386906385876
12.721367239893361
13.01681885135541
12.837085525568675
12.757326359571348
12.768991269757295
12.327835888339179
12.143729514353717
11.718113539867778
11.363350050219328
10.938046122328535
11.066986183802205
10.784176938962622
10.628861533414904
11.07029712807472
11.118195020731667
10.968446088326452
11.176139332626489
11.187405553352658
11.701952117670574
11.950633125627547
11.776096424952554
11.337722118205981
11.547897974941671
11.646427458411205
11.415035273840827
11.909474776606945
11.827527239650996
12.14156025857977
12.151719407929336
12.343989668883781
12.317891722708122
11.390503980687471
11.942796384747096
12.01497801665276
12.504471359511829
12.413746482031495
12.631928227950272
12.330970818980783
12.335729745771207
12.003415190054593
12.109234874781183
12.60390516963263
12.303076761293056
11.894078900767571
11.983864182969443
11.77103827743206
12.048292999798074
12.225571588072144
12.053686111010913
12.39747574661395
12.007159426992335
12.226882977840681
12.47574893930992
12.802848859255464
12.405163732148825
12.624491733160928
12.662534994330704
13.08493626006037
13.288163024860754
13.787425718757321
13.348506277830735
13.090339719657454
13.022800219066038
13.380747825803525
13.01576303054224
12.883215151657573
12.944296029435392
13.284176374376111
