0.07142857142857142
0.30952380952380953
0.5952380952380952
0.9285714285714286
1.2380952380952381
1.5238095238095237
2.0
2.5714285714285716
3.428571428571429
4.333333333333334
5.238095238095238
5.857142857142858
6.166666666666666
7.285714285714286
8.166666666666666
8.642857142857142
9.261904761904763
9.880952380952381
10.761904761904761
11.547619047619047
12.0
12.928571428571429
13.476190476190478
13.904761904761903
14.642857142857144
15.357142857142858
15.833333333333336
16.499999999999996
17.238095238095237
17.976190476190474
18.595238095238095
19.26190476190476
19.952380952380956
20.80952380952381
21.166666666666668
21.547619047619047
21.785714285714285
22.238095238095237
22.833333333333332
23.238095238095237
23.404761904761905
23.5952380952381
23.666666666666668
24.357142857142858
24.785714285714285
25.11904761904762
25.61904761904762
26.285714285714285
26.690476190476193
27.23809523809524
27.999999999999996
27.999999999999996
28.54761904761905
28.904761904761905
29.19047619047619
29.428571428571427
29.500000000000004
29.88095238095238
30.476190476190478
31.0
31.261904761904763
31.714285714285715
32.142857142857146
32.047619047619044
32.857142857142854
33.166666666666664
32.904761904761905
32.42857142857143
32.57142857142858
32.595238095238095
33.404761904761905
33.976190476190474
34.5
35.16666666666667
35.26190476190476
35.714285714285715
36.333333333333336
36.5
36.69047619047619
37.0
37.142857142857146
37.904761904761905
37.69047619047619
38.214285714285715
38.88095238095238
39.166666666666664
39.54761904761905
39.8095238095238
40.04761904761905
40.904761904761905
41.142857142857146
40.88095238095239
40.738095238095234
40.92857142857143
40.95238095238095
41.73809523809524
42.333333333333336
42.595238095238095
42.88095238095239
43.30952380952382
43.833333333333336
43.904761904761905
44.547619047619044
44.785714285714285
44.57142857142857
44.904761904761905
45.02380952380952
45.11904761904762
45.19047619047619
45.38095238095238
45.261904761904766
45.42857142857142
45.83333333333333
45.8095238095238
45.85714285714286
46.11904761904762
45.85714285714286
46.28571428571429
46.14285714285714
46.61904761904761
46.69047619047619
46.64285714285714
46.214285714285715
46.80952380952381
46.095238095238095
46.595238095238095
46.61904761904761
46.64285714285714
46.78571428571428
47.1904761904762
46.738095238095234
46.69047619047619
46.833333333333336
46.61904761904761
46.95238095238095
46.761904761904766
47.04761904761905
47.66666666666667
48.23809523809524
47.904761904761905
47.80952380952381
48.26190476190476
48.97619047619048
48.595238095238095
48.714285714285715
49.285714285714285
49.38095238095237
48.80952380952381
48.95238095238095
49.11904761904762
49.833333333333336
50.11904761904762
50.07142857142858
49.452380952380956
49.42857142857143
49.547619047619044
49.71428571428571
50.16666666666667
50.33333333333333
50.16666666666667
50.523809523809526
50.476190476190474
50.142857142857146
50.38095238095238
50.3095238095238
50.261904761904766
50.523809523809526
50.5
50.0
49.47619047619048
49.47619047619048
49.30952380952382
49.07142857142857
49.85714285714286
49.88095238095238
49.5
49.5
49.452380952380956
49.35714285714286
49.904761904761905
50.095238095238095
49.952380952380956
50.04761904761905
50.5
50.523809523809526
50.095238095238095
51.21428571428572
51.07142857142857
50.42857142857142
51.07142857142857
50.78571428571428
51.357142857142854
51.45238095238095
51.33333333333333
51.0
50.761904761904766
50.69047619047618
50.142857142857146
50.78571428571428
50.642857142857146
51.19047619047619
51.38095238095237
51.21428571428572
51.40476190476191
51.11904761904762
51.30952380952382
50.83333333333334
50.69047619047618
50.3095238095238
49.92857142857143
50.0
49.523809523809526
49.833333333333336
49.833333333333336
49.80952380952382
49.738095238095234
49.976190476190474
49.642857142857146
49.523809523809526
48.80952380952381
49.238095238095234
49.26190476190476
49.642857142857146
49.833333333333336
49.71428571428571
49.76190476190476
49.61904761904762
49.47619047619048
49.33333333333333
48.92857142857143
49.38095238095237
49.952380952380956
49.76190476190476
49.595238095238095
49.47619047619048
49.69047619047619
49.666666666666664
49.904761904761905
49.88095238095238
49.738095238095234
49.952380952380956
50.11904761904762
50.23809523809524
50.404761904761905
50.45238095238096
50.761904761904766
50.357142857142854
50.28571428571429
50.16666666666667
50.0
49.88095238095238
49.78571428571429
49.547619047619044
49.523809523809526
50.023809523809526
50.19047619047618
50.8095238095238
50.95238095238095
50.761904761904766
50.142857142857146
50.19047619047618
50.57142857142857
50.38095238095238
50.04761904761905
49.78571428571429
49.88095238095238
50.16666666666667
50.261904761904766
50.595238095238095
50.23809523809524
50.142857142857146
50.04761904761905
50.04761904761905
50.33333333333333
49.76190476190476
50.023809523809526
49.92857142857143
49.11904761904762
49.404761904761905
49.38095238095237
49.095238095238095
49.095238095238095
49.38095238095237
49.404761904761905
49.04761904761905
49.11904761904762
49.238095238095234
49.214285714285715
49.595238095238095
49.904761904761905
49.595238095238095
49.547619047619044
49.238095238095234
48.80952380952381
49.04761904761905
49.738095238095234
49.523809523809526
49.404761904761905
49.33333333333333
49.095238095238095
49.57142857142857
49.57142857142857
49.38095238095237
49.595238095238095
49.88095238095238
50.142857142857146
50.11904761904762
50.23809523809524
50.0
50.19047619047618
50.761904761904766
50.69047619047618
50.57142857142857
50.66666666666667
50.357142857142854
50.476190476190474
50.28571428571429
50.19047619047618
49.904761904761905
50.07142857142858
50.095238095238095
49.976190476190474
50.261904761904766
50.261904761904766
50.261904761904766
49.92857142857143
49.61904761904762
49.80952380952382
50.357142857142854
50.357142857142854
50.523809523809526
50.88095238095238
50.73809523809524
50.92857142857143
50.78571428571428
51.28571428571428
51.30952380952382
51.5
51.45238095238095
51.595238095238095
51.61904761904762
52.16666666666667
51.714285714285715
51.95238095238095
51.476190476190474
52.16666666666667
51.83333333333333
52.595238095238095
52.14285714285714
51.80952380952382
51.73809523809524
51.78571428571429
51.83333333333333
51.73809523809524
51.95238095238095
51.40476190476191
51.857142857142854
52.214285714285715
51.857142857142854
52.16666666666667
51.95238095238095
51.88095238095238
52.0
52.28571428571429
52.023809523809526
51.66666666666666
51.30952380952382
51.857142857142854
52.047619047619044
52.5
51.88095238095238
52.40476190476191
52.40476190476191
52.214285714285715
51.95238095238095
51.42857142857144
51.5
51.714285714285715
52.047619047619044
51.95238095238095
51.857142857142854
51.88095238095238
51.83333333333333
51.92857142857142
51.76190476190475
51.357142857142854
51.0
50.45238095238096
50.523809523809526
50.66666666666667
50.33333333333333
51.0
51.04761904761905
50.78571428571428
50.69047619047618
50.61904761904762
50.21428571428571
50.61904761904762
50.88095238095238
50.8095238095238
50.88095238095238
50.857142857142854
50.92857142857143
51.0
51.11904761904762
51.19047619047619
52.16666666666667
52.52380952380952
52.61904761904762
53.02380952380952
52.83333333333333
52.73809523809524
51.90476190476191
51.73809523809524
51.57142857142857
51.857142857142854
51.142857142857146
51.40476190476191
51.83333333333333
52.261904761904766
51.80952380952382
51.66666666666666
51.357142857142854
51.6904761904762
52.023809523809526
51.5
51.95238095238095
52.07142857142857
52.33333333333333
52.35714285714286
52.0
52.16666666666667
52.40476190476191
52.476190476190474
52.16666666666667
51.92857142857142
52.047619047619044
52.1904761904762
52.38095238095239
52.14285714285714
52.1904761904762
52.3095238095238
52.40476190476191
52.45238095238095
52.16666666666667
51.547619047619044
51.21428571428572
50.88095238095238
50.54761904761905
50.45238095238096
50.78571428571428
51.45238095238095
51.095238095238095
51.095238095238095
51.30952380952382
50.9047619047619
51.23809523809524
51.16666666666666
50.8095238095238
50.83333333333334
50.71428571428571
50.761904761904766
50.261904761904766
51.095238095238095
50.857142857142854
51.04761904761905
50.523809523809526
50.69047619047618
50.45238095238096
50.38095238095238
50.976190476190474
50.595238095238095
50.57142857142857
50.73809523809524
50.28571428571429
50.95238095238095
50.642857142857146
50.857142857142854
50.976190476190474
50.88095238095238
51.976190476190474
51.61904761904762
51.547619047619044
51.976190476190474
52.214285714285715
52.0
52.07142857142857
51.976190476190474
52.047619047619044
52.23809523809524
51.83333333333333
51.73809523809524
51.023809523809526
50.642857142857146
50.42857142857142
50.16666666666667
50.28571428571429
50.404761904761905
50.261904761904766
