0.19047619047619047
0.35714285714285715
0.5714285714285714
0.6666666666666667
0.8333333333333334
1.0
1.2142857142857142
1.4523809523809523
1.6190476190476193
1.5714285714285716
1.8095238095238095
1.9523809523809523
1.9761904761904763
2.142857142857143
2.2142857142857144
2.4047619047619047
2.547619047619048
2.6904761904761902
2.857142857142857
2.928571428571429
3.1904761904761907
3.3095238095238093
3.428571428571429
3.404761904761905
3.5238095238095237
3.8095238095238098
4.095238095238095
4.238095238095238
4.5
4.333333333333334
4.5
4.571428571428571
4.7142857142857135
4.857142857142857
5.071428571428571
5.214285714285714
5.5
5.904761904761905
5.809523809523809
5.976190476190476
5.952380952380952
5.904761904761905
6.119047619047619
6.190476190476191
6.42857142857143
6.666666666666667
6.857142857142858
6.857142857142858
6.952380952380952
7.142857142857142
7.142857142857142
7.476190476190476
7.452380952380952
7.6190476190476195
7.642857142857143
7.928571428571429
7.976190476190477
7.976190476190477
8.261904761904763
8.428571428571429
8.714285714285715
8.80952380952381
8.857142857142858
9.11904761904762
9.333333333333334
9.261904761904763
9.166666666666668
9.309523809523808
9.523809523809524
9.714285714285714
9.928571428571429
10.095238095238097
10.30952380952381
10.547619047619047
10.476190476190476
10.642857142857142
10.809523809523808
11.023809523809524
10.928571428571427
10.785714285714286
11.5
11.5
11.738095238095237
11.952380952380953
12.119047619047619
12.333333333333332
12.547619047619046
12.952380952380954
13.523809523809524
13.61904761904762
13.595238095238097
13.976190476190474
14.047619047619047
14.071428571428571
14.261904761904761
14.428571428571427
14.476190476190476
14.69047619047619
14.738095238095239
14.833333333333334
14.976190476190476
15.095238095238095
15.119047619047619
15.523809523809524
15.761904761904763
15.952380952380954
16.04761904761905
16.19047619047619
16.666666666666664
16.547619047619047
16.499999999999996
16.833333333333332
17.047619047619047
16.833333333333332
17.023809523809526
17.333333333333336
17.61904761904762
17.642857142857142
17.92857142857143
17.833333333333336
17.976190476190474
18.11904761904762
18.571428571428573
18.452380952380953
18.5
18.476190476190478
18.738095238095237
19.023809523809522
19.33333333333333
19.09523809523809
19.0
19.047619047619047
19.595238095238095
20.142857142857146
20.5952380952381
20.142857142857146
20.166666666666668
20.333333333333332
20.404761904761905
20.380952380952383
20.476190476190474
20.42857142857143
20.380952380952383
20.666666666666668
21.071428571428573
21.047619047619047
21.023809523809526
21.261904761904763
21.476190476190478
21.30952380952381
21.30952380952381
21.952380952380953
22.047619047619047
22.523809523809526
22.666666666666664
23.07142857142857
22.88095238095238
22.9047619047619
23.166666666666668
23.42857142857143
23.92857142857143
23.809523809523807
23.88095238095238
23.88095238095238
24.357142857142858
23.857142857142858
24.26190476190476
24.238095238095237
24.73809523809524
24.714285714285715
24.952380952380953
25.238095238095237
25.428571428571427
25.80952380952381
25.523809523809526
25.547619047619047
25.523809523809526
25.523809523809526
25.690476190476186
25.976190476190474
25.928571428571427
25.761904761904763
25.476190476190474
25.5
25.83333333333333
26.190476190476193
26.571428571428573
26.42857142857143
26.333333333333336
26.142857142857146
26.26190476190476
26.142857142857146
26.4047619047619
26.380952380952383
26.595238095238095
26.761904761904766
26.880952380952376
26.5
26.333333333333336
26.42857142857143
27.095238095238095
27.07142857142857
27.023809523809522
27.61904761904762
27.57142857142857
27.523809523809522
27.57142857142857
27.547619047619047
27.809523809523807
27.904761904761905
28.404761904761905
28.309523809523814
28.404761904761905
28.428571428571423
28.54761904761905
28.642857142857142
28.714285714285715
28.57142857142857
28.642857142857142
28.857142857142854
29.214285714285715
28.76190476190476
28.642857142857142
29.095238095238095
28.999999999999996
28.833333333333332
28.999999999999996
29.38095238095238
29.214285714285715
29.28571428571429
29.54761904761905
29.404761904761905
29.595238095238095
30.07142857142857
30.547619047619044
30.142857142857142
30.523809523809526
30.357142857142854
30.38095238095238
30.28571428571429
30.59523809523809
30.714285714285715
30.64285714285714
30.523809523809526
30.214285714285715
30.119047619047617
30.761904761904763
30.738095238095237
30.59523809523809
30.5
30.88095238095238
30.80952380952381
30.714285714285715
31.0952380952381
30.928571428571427
30.761904761904763
30.714285714285715
30.90476190476191
30.66666666666667
30.785714285714285
30.80952380952381
31.19047619047619
31.380952380952383
31.238095238095237
31.523809523809526
31.119047619047617
31.21428571428571
31.4047619047619
31.02380952380952
31.0952380952381
31.30952380952381
30.90476190476191
31.380952380952383
31.238095238095237
31.66666666666667
31.047619047619047
31.21428571428571
31.428571428571427
31.785714285714285
31.90476190476191
32.23809523809524
32.047619047619044
32.166666666666664
32.357142857142854
32.61904761904762
32.666666666666664
32.857142857142854
32.69047619047619
32.69047619047619
32.714285714285715
32.285714285714285
32.261904761904766
32.261904761904766
31.785714285714285
31.80952380952381
32.047619047619044
32.285714285714285
32.261904761904766
32.0952380952381
32.61904761904762
32.642857142857146
32.73809523809524
32.92857142857143
32.666666666666664
32.61904761904762
32.52380952380952
32.92857142857143
32.76190476190476
32.23809523809524
32.214285714285715
32.666666666666664
32.54761904761905
33.095238095238095
33.214285714285715
33.33333333333333
33.595238095238095
33.69047619047619
33.404761904761905
33.33333333333333
33.33333333333333
33.30952380952381
33.33333333333333
33.452380952380956
33.88095238095239
33.85714285714286
34.19047619047619
33.85714285714286
34.07142857142858
34.333333333333336
34.5
34.30952380952381
34.404761904761905
34.38095238095238
34.35714285714286
34.214285714285715
34.80952380952381
34.6904761904762
34.785714285714285
35.095238095238095
35.11904761904761
35.214285714285715
35.30952380952381
35.095238095238095
35.23809523809524
34.92857142857143
35.14285714285714
35.19047619047619
35.214285714285715
35.26190476190476
35.404761904761905
35.42857142857143
34.92857142857143
35.095238095238095
34.76190476190476
34.595238095238095
35.11904761904761
35.523809523809526
35.523809523809526
35.833333333333336
35.69047619047619
35.19047619047619
35.23809523809524
34.88095238095238
34.6904761904762
34.452380952380956
34.38095238095238
34.19047619047619
34.785714285714285
34.66666666666667
34.285714285714285
34.11904761904762
33.904761904761905
34.214285714285715
34.166666666666664
34.476190476190474
34.66666666666667
34.95238095238095
35.357142857142854
35.5
36.0
35.59523809523809
36.19047619047619
36.0
35.92857142857142
35.66666666666667
36.023809523809526
36.523809523809526
36.785714285714285
36.738095238095234
36.714285714285715
36.66666666666667
36.833333333333336
36.785714285714285
36.523809523809526
36.952380952380956
36.642857142857146
36.57142857142857
36.5
36.69047619047619
36.547619047619044
36.5
36.80952380952382
36.61904761904762
36.833333333333336
36.76190476190476
36.738095238095234
36.69047619047619
36.952380952380956
37.0
37.0
36.80952380952382
36.76190476190476
36.66666666666667
36.80952380952382
36.785714285714285
37.28571428571429
37.30952380952381
37.214285714285715
37.5
36.85714285714286
37.11904761904762
37.404761904761905
37.57142857142857
37.166666666666664
37.73809523809524
37.547619047619044
38.095238095238095
37.73809523809524
37.88095238095238
38.023809523809526
38.11904761904763
38.0
37.833333333333336
37.92857142857143
37.761904761904766
37.595238095238095
37.333333333333336
37.42857142857143
37.42857142857143
37.357142857142854
37.38095238095238
37.666666666666664
38.23809523809524
38.23809523809524
38.761904761904766
38.714285714285715
39.07142857142858
39.26190476190476
39.11904761904762
38.97619047619048
38.57142857142857
38.80952380952381
38.66666666666666
38.66666666666666
38.5952380952381
38.57142857142857
38.857142857142854
38.761904761904766
38.904761904761905
38.97619047619048
38.88095238095238
38.99999999999999
39.54761904761905
39.214285714285715
39.357142857142854
39.38095238095238
39.57142857142858
39.19047619047619
39.47619047619047
39.023809523809526
39.19047619047619
39.07142857142858
39.33333333333333
39.11904761904762
38.80952380952381
39.42857142857142
39.88095238095239
39.714285714285715
39.952380952380956
40.214285714285715
40.476190476190474
40.5
40.666666666666664
40.666666666666664
40.26190476190476
40.28571428571429
40.333333333333336
40.19047619047619
40.14285714285714
39.714285714285715
39.523809523809526
39.40476190476191
39.40476190476191
38.97619047619048
39.07142857142858
39.30952380952381
39.142857142857146
39.357142857142854
39.166666666666664
