0.7321010617007689
0.9190288025149349
1.4405462518589718
1.5164565258781701
1.8026692277992764
2.035552890997186
2.543625186437009
2.705088931445681
2.8890315997923635
2.8358190962457126
3.066709090018139
3.181450047908766
3.2292376661011466
3.4261789525494266
3.2854912054545404
3.4260953861900068
3.471918147889462
3.478509047747798
3.4677099107353295
3.7048974232414453
3.9060052690234643
4.087599283068742
4.217565160503626
4.120527194388692
4.27367235608119
4.4123765804965815
4.566455528154339
4.671827206245652
5.041060020131861
5.125377810275953
5.175574674868931
5.049969050098159
5.231532028854202
5.487315382828848
5.608437247516483
5.993795321343046
6.301180194830885
6.540060791257794
6.468220770282816
6.661640034471731
6.780955353426611
6.881377196118294
6.871176049869367
6.742847903293551
6.7386004396259
6.75981106947862
7.125037898276705
6.95421905370236
7.136280441907125
7.138847680210121
7.08247687838847
7.179001065605233
7.030990288346617
7.017498652691387
7.084861557610098
7.258602060850289
7.463348682643496
7.463348682643496
7.727811644593243
7.727552295324131
7.930878234186693
8.341060116016317
8.399755896889367
8.234346473890986
8.724778612437541
8.486667379719757
8.1456920206423
8.101425075388644
8.100753574782493
8.390206531049213
8.58167710756559
8.721102478390035
8.71410698003358
8.897484763550656
8.772689266130254
8.610986426904025
8.99455337556012
8.645496610916782
8.317651705716921
8.59767639517968
8.896197521008991
8.681188907012178
8.813422950533777
8.882831372395149
9.062258731409598
9.483923210813602
9.742880840212724
9.85661885476827
10.043994933051668
9.936235929318011
10.08618010507355
10.44518017382628
10.433359468904097
10.164224479213365
10.058892298685397
10.500758284602062
10.257233474196239
10.084817468363523
10.048640266885188
10.196622826522276
10.294096089591724
10.497485898881227
10.633816789216887
10.6020253241713
10.849211891090505
10.947569890891458
11.124605287580403
11.033536661594088
11.284972465233563
11.195182864953052
10.920101122898213
10.89385096805001
11.063182548809987
10.8728052138302
11.051038390413902
11.401483048625797
11.44119072415802
11.78193005065968
11.880470647758424
11.952741218228034
12.296931577207634
11.85364204768071
12.392601911947738
12.231565364983254
12.313125901663327
12.150517724295302
12.214137803398174
12.73216563943254
12.86987415912666
12.770269275371277
12.648621720021627
12.585173298688243
13.00960236800354
12.808058372932821
12.645882509423926
12.591632576046813
12.297304100023307
12.422231109603347
12.314985953700127
11.899084745420293
11.63966503592216
11.714105826545763
11.306871666953947
11.834230699098798
11.763836394696249
12.034978073168626
12.131345400126085
11.704692083165687
11.718015807070396
11.438062236848934
11.113043534287748
11.237072046425176
11.02637239746395
11.185178814316073
11.287407808023179
11.569076774529849
11.294583939975396
11.253366817690733
11.569868678719462
11.389624192542474
11.695491087787284
12.01249950260745
12.283326762579705
12.709478403646079
12.679707543710581
12.192200906131642
12.340254826649694
12.431262712674474
12.373619577140504
12.233461221874098
12.071843391639076
12.29052707653177
12.872543463752017
13.22293331005476
12.997382424331866
12.978755190896743
12.948829550187375
12.86898426788014
13.094888272033907
13.447830897366156
13.866277202772187
13.880661343733808
13.947002724423463
13.87205741617971
14.343218399691452
13.81706848023747
13.939692694255154
14.299736584539883
14.333014527143458
13.969483744893976
14.146568619168121
13.75884282824768
13.306572299077649
13.715908994839934
13.532555315539952
13.23332243769003
13.195080488960617
13.252931326141656
13.266599298804419
13.496306946639894
13.48051453767484
13.35193764921499
13.165015896524348
13.232803175026241
12.940424694117079
13.320443161007617
13.32843653638203
13.03334887753033
13.219295186429408
13.302203748540023
13.448512173173786
13.654044211796196
13.324461935651255
13.886600512366398
14.1102540493559
14.31156471469103
14.240830565041055
14.05538220691065
14.170834387611714
14.064667913931322
13.624488060561731
13.492827412377329
13.38962469676222
13.572799775459124
13.423473902765373
13.297101703667444
13.538160789690446
13.995038598907646
13.816467544875028
14.166974867403875
14.088322829475011
13.868259261625541
13.88427051641417
14.224073363089376
14.05967964507765
13.880001279235474
13.91773956703658
14.243062028933739
14.262125787541652
14.225784185986692
14.857003335514888
15.10592329733966
15.388176115996222
14.756473112023741
14.507241040352909
14.399001666709943
14.27641191438768
13.904217474038546
13.49153296639661
13.720145820567634
13.9878150780946
13.89484514624579
13.97161510131745
14.200563930412418
14.114311646743966
14.467656531158102
14.498574501985187
14.083790184896733
13.999375012635582
14.59993925512926
14.703759869359686
15.241777453132807
14.876281133111174
14.994750068088312
15.356383118598243
15.184395368559128
15.48181346031147
15.65395373908187
15.40602735984672
15.488931744109186
15.682021916895852
15.589017812255193
16.181631854181365
15.718147819310477
16.06129318945146
15.72776252456721
15.314469348878312
15.202278734726788
15.450268741578402
15.74624703106563
15.960867994262076
15.758679112907478
15.831457139469022
15.545300238769993
15.856773796923479
15.76107715777884
15.836899749147134
15.966015437837584
15.9982612892057
16.221358092667632
15.928186947089273
15.674717335694014
15.502068865917959
15.241307832345674
15.313067131251511
15.006736311601673
14.829786978488388
14.760333668664375
14.79948358095003
14.71419309416049
14.650993762303186
14.509924840303349
14.689090227844362
14.654061536086992
15.204161952911125
15.082098939540522
14.610916919919775
14.270153461955342
14.533761247251888
13.971430669862686
14.365976230244144
14.603076572856233
14.88828583129664
14.569000574231858
14.766636427666416
14.851298014110073
14.941555288541775
14.573244785219927
15.058465048420855
14.940118070786212
14.857465833121953
15.050857841545678
15.05228448568306
15.362851346458834
15.432487225693265
15.682551366757542
15.635231939239377
15.425491381941638
15.221777578682904
14.725843865964464
15.100596430334203
15.09027857524215
14.701812552667393
14.473888927442303
14.62501895271831
14.746380454313377
14.485752740402555
13.862147003262947
13.836201860217
13.921832708385887
13.760153742182451
13.804858146002491
13.492572777078443
13.472951407010184
13.006080679217899
13.019567982906782
13.373042634885293
13.272964241005411
13.222825047018304
13.144469963989932
12.802960673650453
13.263296956380847
13.226830189194944
12.913048958843923
12.89731933786052
13.550822732219428
13.606929761319778
13.539429631440395
13.839326120853155
13.893505726159786
13.445637806488438
13.837774423938646
14.105708154588733
13.689059257038968
13.551160785481024
13.772736325027864
13.483657512124001
13.862147003262947
13.880413823225268
14.136627867468784
13.924629339003447
14.088424441562228
14.400115127895646
14.174551465610563
14.311664741772375
14.39082702050155
14.204837602071374
14.247081802393843
14.583614323254224
14.933524259854758
14.41887196066857
14.897897999533614
15.051923081957014
15.277782462846679
15.415409560584703
15.58782396858183
15.750682993149262
16.368091056050694
16.833341667498022
16.423290030890314
16.900374746586174
16.687113823111595
16.6559265883087
16.385031987493278
16.542449215082343
16.550806666448427
16.11475374483634
15.713684452181678
15.934566808878422
15.446562085556351
15.172323030827123
15.12077552400591
14.83928268753248
15.249120440285758
14.960494485309189
14.906562858460543
14.724288369736044
15.219144059639497
14.659296762179563
14.671010644594032
14.604507750176998
15.105240956660722
15.251166832113105
15.608987362978718
16.121343930821194
16.33252627031293
15.724612899365104
15.125451712050625
14.949218116297791
14.811086591974023
14.724288369736044
14.99098807748333
14.558010968681634
14.766229253768875
14.748690729626274
14.472306350900595
14.23351051710156
14.134096009676927
14.441570048429892
14.339545043379983
14.295711589269011
14.140353937346086
14.34529422848316
14.837256674344355
14.951688540752073
14.334912078531495
14.18063001974646
14.611014897634563
14.338047481425273
14.228259483139826
14.455064836419446
14.521778929009201
14.192496894261936
14.325022079815794
14.587481372554098
14.151283477775007
14.43760442523827
14.267645298900103
14.310764472870755
13.715804623011724
13.637699683360069
13.756845004901368
14.080293157371141
14.57192842610009
14.933581776604413
14.688875821720671
14.874356402524969
15.172417383194686
15.218165779350933
15.547362892496242
15.644293672321202
15.573582627957167
16.208203378335174
16.068261672907656
16.06113275397902
15.870923383000314
15.580934622733794
15.619989061128454
15.67035122339858
15.400227975287612
15.656605555172229
15.775657410342985
15.80244050479552
15.634041624560671
14.922860661107102
15.46117968148987
15.316264000116874
15.610674793316633
15.864283312170718
15.811189113541632
16.166124912202307
15.579887175443572
15.443985435622947
15.332350387801007
15.123331514455025
14.589836433251794
14.637405766971852
14.79483982860079
14.774467493397559
14.785547948460945
13.928514900622416
13.7438312426423
13.991580778064163
13.740831124823426
13.796725754327282
13.656560243784446
13.722754052673583
13.975528572716932
13.987487578012242
