0.19047619047619047
0.2619047619047619
0.4761904761904762
0.6904761904761904
0.8571428571428572
0.9761904761904762
1.0476190476190477
1.4047619047619047
1.6666666666666667
1.9047619047619049
2.0
2.119047619047619
2.4761904761904763
2.6904761904761902
2.880952380952381
2.9523809523809526
3.1428571428571432
3.3333333333333335
3.428571428571429
3.6904761904761907
3.9285714285714284
4.261904761904762
4.357142857142858
4.6190476190476195
4.8809523809523805
5.238095238095238
5.690476190476191
5.952380952380952
6.166666666666666
6.333333333333334
6.476190476190477
7.023809523809524
7.142857142857142
7.476190476190476
7.642857142857143
7.761904761904762
8.380952380952381
8.5
8.904761904761905
9.0
9.333333333333334
9.476190476190476
9.690476190476192
9.904761904761905
10.119047619047619
10.261904761904761
10.547619047619047
10.928571428571427
11.047619047619046
10.928571428571427
11.333333333333332
11.45238095238095
11.857142857142858
12.285714285714286
12.404761904761905
12.595238095238095
12.666666666666668
13.023809523809524
13.380952380952383
13.523809523809524
13.523809523809524
14.023809523809522
14.333333333333332
14.499999999999998
14.928571428571427
14.880952380952381
15.309523809523808
15.5
15.666666666666668
15.785714285714286
15.5
15.952380952380954
16.071428571428573
16.19047619047619
16.333333333333332
16.523809523809526
16.642857142857142
16.952380952380953
17.142857142857142
17.404761904761905
17.785714285714285
17.69047619047619
18.023809523809526
18.333333333333336
18.666666666666668
18.880952380952383
18.69047619047619
19.142857142857142
19.023809523809522
19.285714285714285
19.499999999999996
19.309523809523807
19.54761904761905
19.54761904761905
19.476190476190474
19.80952380952381
19.61904761904762
20.047619047619047
20.142857142857146
20.333333333333332
20.738095238095237
20.857142857142858
21.333333333333336
21.476190476190478
22.09523809523809
21.92857142857143
22.07142857142857
22.452380952380953
22.404761904761905
22.88095238095238
22.9047619047619
23.380952380952383
23.61904761904762
23.523809523809526
23.761904761904763
23.857142857142858
23.857142857142858
24.38095238095238
24.523809523809526
25.11904761904762
25.071428571428573
25.21428571428571
24.690476190476186
24.90476190476191
25.11904761904762
25.428571428571427
25.523809523809526
25.4047619047619
25.261904761904763
25.142857142857146
25.571428571428573
25.928571428571427
26.023809523809522
25.80952380952381
26.142857142857146
25.880952380952376
26.023809523809522
26.023809523809522
26.238095238095237
26.30952380952381
26.571428571428573
26.90476190476191
27.0
27.0
26.666666666666668
26.476190476190474
26.4047619047619
26.42857142857143
26.523809523809526
27.07142857142857
27.357142857142858
27.500000000000004
27.690476190476193
27.666666666666668
27.73809523809524
27.92857142857143
27.904761904761905
28.166666666666668
28.07142857142857
27.999999999999996
28.07142857142857
28.047619047619044
28.11904761904762
27.833333333333332
27.95238095238095
28.26190476190476
28.333333333333332
28.666666666666664
29.023809523809526
29.309523809523814
29.333333333333332
29.619047619047617
29.619047619047617
29.952380952380953
30.166666666666664
30.261904761904763
30.38095238095238
30.66666666666667
30.619047619047617
31.02380952380952
31.28571428571429
31.28571428571429
31.452380952380953
31.714285714285715
31.85714285714286
31.976190476190474
31.66666666666667
31.80952380952381
31.547619047619047
31.738095238095237
31.738095238095237
32.047619047619044
32.57142857142858
32.642857142857146
32.95238095238095
33.476190476190474
33.23809523809524
33.30952380952381
33.23809523809524
33.14285714285714
32.88095238095238
32.92857142857143
33.11904761904762
33.166666666666664
33.30952380952381
32.38095238095238
32.714285714285715
33.214285714285715
33.04761904761905
32.99999999999999
32.95238095238095
33.14285714285714
33.476190476190474
33.38095238095238
33.404761904761905
33.76190476190476
33.976190476190474
34.11904761904762
33.8095238095238
34.11904761904762
34.30952380952381
34.285714285714285
34.595238095238095
34.833333333333336
34.66666666666667
34.80952380952381
34.54761904761905
34.452380952380956
34.333333333333336
34.6904761904762
34.42857142857143
34.285714285714285
34.285714285714285
34.42857142857143
34.6904761904762
34.5
34.23809523809524
34.11904761904762
34.5
34.833333333333336
34.66666666666667
34.66666666666667
34.80952380952381
34.61904761904761
34.42857142857143
34.35714285714286
34.523809523809526
34.523809523809526
34.35714285714286
34.66666666666667
34.88095238095238
34.57142857142857
35.19047619047619
35.214285714285715
35.19047619047619
35.285714285714285
35.333333333333336
35.023809523809526
35.214285714285715
35.30952380952381
35.66666666666667
35.523809523809526
35.80952380952381
36.095238095238095
36.26190476190476
36.547619047619044
36.85714285714286
36.30952380952381
36.714285714285715
36.88095238095238
36.976190476190474
36.92857142857143
36.976190476190474
36.714285714285715
36.833333333333336
37.04761904761905
37.095238095238095
37.357142857142854
37.38095238095238
37.30952380952381
36.714285714285715
36.523809523809526
36.547619047619044
36.595238095238095
36.76190476190476
36.642857142857146
36.88095238095238
36.738095238095234
36.80952380952382
37.357142857142854
37.11904761904762
36.833333333333336
37.357142857142854
37.476190476190474
37.476190476190474
37.214285714285715
37.547619047619044
37.28571428571429
37.166666666666664
37.642857142857146
37.095238095238095
37.595238095238095
37.452380952380956
37.38095238095238
37.214285714285715
37.04761904761905
36.76190476190476
37.357142857142854
37.88095238095238
37.904761904761905
38.261904761904766
38.30952380952381
38.642857142857146
38.857142857142854
39.47619047619047
39.40476190476191
39.64285714285714
39.42857142857142
40.023809523809526
39.976190476190474
39.952380952380956
40.57142857142857
40.92857142857143
41.26190476190475
41.142857142857146
41.0
41.404761904761905
41.61904761904762
41.61904761904762
41.35714285714286
41.42857142857142
41.833333333333336
41.547619047619044
41.285714285714285
41.59523809523809
41.166666666666664
41.285714285714285
41.333333333333336
41.142857142857146
40.833333333333336
40.69047619047619
40.976190476190474
40.976190476190474
40.904761904761905
40.78571428571428
41.11904761904761
41.0
41.35714285714286
40.92857142857143
41.333333333333336
41.38095238095238
41.6904761904762
41.857142857142854
42.04761904761905
41.88095238095238
42.11904761904762
42.357142857142854
42.238095238095234
42.38095238095238
42.00000000000001
42.142857142857146
42.142857142857146
42.04761904761905
41.404761904761905
41.92857142857142
42.00000000000001
41.52380952380953
41.92857142857142
41.61904761904762
41.38095238095238
40.92857142857143
41.1904761904762
41.142857142857146
41.21428571428571
40.976190476190474
40.833333333333336
41.023809523809526
41.38095238095238
41.52380952380953
41.11904761904761
40.761904761904766
41.23809523809524
41.547619047619044
41.833333333333336
41.714285714285715
42.11904761904762
41.976190476190474
42.19047619047619
41.904761904761905
42.357142857142854
42.142857142857146
42.238095238095234
42.07142857142858
41.833333333333336
41.88095238095238
42.00000000000001
41.857142857142854
41.92857142857142
42.238095238095234
41.476190476190474
41.5
41.21428571428571
41.35714285714286
41.547619047619044
41.26190476190475
41.73809523809524
41.76190476190476
41.404761904761905
41.5
41.404761904761905
41.57142857142858
41.07142857142857
40.976190476190474
41.23809523809524
41.61904761904762
41.285714285714285
40.904761904761905
40.64285714285714
40.761904761904766
40.85714285714286
40.904761904761905
40.95238095238095
41.476190476190474
41.57142857142858
41.45238095238095
41.976190476190474
42.38095238095238
42.30952380952381
42.50000000000001
42.45238095238095
42.333333333333336
42.857142857142854
42.523809523809526
42.333333333333336
42.11904761904762
41.76190476190476
41.976190476190474
42.19047619047619
42.97619047619048
42.642857142857146
42.57142857142857
42.83333333333333
42.97619047619048
43.19047619047619
43.142857142857146
43.30952380952382
43.30952380952382
43.47619047619048
43.5
43.42857142857143
43.595238095238095
43.285714285714285
43.047619047619044
42.97619047619048
43.023809523809526
43.452380952380956
43.85714285714286
43.78571428571429
44.357142857142854
43.547619047619044
43.38095238095237
43.33333333333333
43.38095238095237
43.42857142857143
43.07142857142857
43.21428571428571
43.57142857142857
43.71428571428571
44.095238095238095
44.095238095238095
43.666666666666664
43.78571428571429
43.64285714285714
43.952380952380956
43.547619047619044
43.904761904761905
43.73809523809524
44.214285714285715
44.14285714285714
44.30952380952381
44.19047619047618
44.047619047619044
44.357142857142854
44.357142857142854
44.238095238095234
44.452380952380956
43.904761904761905
43.85714285714286
43.71428571428571
43.547619047619044
43.6904761904762
43.92857142857143
44.214285714285715
43.833333333333336
44.0
43.57142857142857
43.404761904761905
43.523809523809526
43.35714285714286
