0.6491902960578351
0.8216559695282384
1.1223917161691233
1.5979082848036743
1.8695641636319489
1.8253968253968251
1.7688396210465438
2.221577931749656
2.498310201036188
2.7700366263279177
2.8053670099579224
2.8694420223123176
3.1911545444124876
3.3613029805313825
3.5054021781675173
3.6779839462018167
3.8863112463382423
3.843642309341184
3.980068991146072
3.9952186315836165
4.231864674462587
4.789422654886579
4.997250669941278
5.262525564139612
5.523251783887371
5.743073230052641
6.293905997748203
6.344695367216486
6.649595059491194
6.8290872267615725
6.675250434889479
7.205711905505327
7.258168161592665
7.3055074488172815
7.173215907459252
7.388125112613536
7.823729732361199
8.137814921723285
8.55872609092097
8.651621020312767
8.906650981675664
8.895714757033463
8.948822632614748
8.977347928585093
9.089262660410569
9.259778038102095
9.3921576390831
9.38508270424356
9.320337272260423
9.34840274170969
9.560535249711553
9.700708003563577
9.877858715844646
10.060173068067124
9.908621875240863
9.680617461125099
9.789932663561443
10.328304879014837
10.352255679096615
10.550047928967492
10.716984321579977
11.420627149081767
11.456095603661035
11.723463167087822
12.233812274242272
12.278291025966736
12.554446347422635
12.664524586782983
12.581441783050796
12.077415637586384
12.105072829167732
12.180547754671744
11.802713167469669
11.935985988404164
11.669243170456093
12.02117206606374
11.808145701527204
11.753634293285632
11.940782446700398
11.667648259007498
11.641903217855342
11.542119704289428
11.724244643383745
12.311474870102906
12.289222478262293
12.740078648747449
12.789961298287084
13.11946248631474
13.047576038381065
13.308315015050551
13.505616654237047
12.987752504197427
13.212427665131795
12.936507936507939
13.068997277768057
13.459684430648021
13.477710725883352
13.55422400873223
13.427909610182542
13.57634316894293
13.495437147180173
13.60036323808947
14.046905681334987
14.05122608813237
14.096388549438524
13.962575095118973
13.936138963714779
13.945996795987147
14.197640159434794
14.61028984698628
14.380716656930431
14.48624685508935
14.765395481706184
14.517440785020034
14.393452960421591
14.189107371411163
14.361591023681436
14.512864610223158
14.355688813982304
14.77971818508546
14.474680150827043
14.770882000873101
14.475471330963838
14.158565150877184
14.27117666586705
14.412933613657664
14.217731459630736
13.838002017041084
13.666619739709907
12.936618595654508
13.304528082072581
13.058104682343846
12.851953239778924
12.561126567272677
12.810561762933009
12.835903394420361
12.793900541462852
12.421470496399744
12.424812237529544
12.545868567504757
12.986980920274666
13.043208545940995
13.50784239881892
13.320013273763273
12.997029967281257
13.1123024940085
13.168147203804079
13.087036655155574
13.128625067779184
13.539323899169597
13.71513662450295
13.483041716737032
13.308981920043598
13.569424254752485
13.495776587785317
13.318444067568565
13.579126615168402
13.29779070167384
13.033524616172823
12.802245044647147
12.785125113729231
12.705535520362938
12.6337413431535
13.183792584367557
13.364647485935658
13.239962876204888
12.919698885793418
13.167386190673714
13.543721664580774
13.514093719495236
13.84141546450263
13.537907007069776
13.31184277842625
13.306938073205446
14.035221700348174
14.056583992561439
13.867206328133665
13.626274163545569
13.583089932683936
13.398175150677805
13.49002615973481
13.349214070377116
13.311735238481791
13.365761431492732
13.505977037769206
13.780778993648163
13.893526333600658
14.179176250554093
14.174551465610563
14.22970823777549
13.920516452509505
14.11806388607009
14.507971240971237
14.334912078531495
14.742263772700074
15.16388555685911
14.508129117353846
14.187149956713347
14.543607729935518
14.236245920494389
14.304521050229727
14.381811626009759
14.774758170872534
14.362687450842909
14.235501781912863
14.00640860084296
14.745759142055315
15.09027857524215
15.252218082616059
14.989937606946008
14.958197782170751
15.019170507000041
14.962408135289937
14.547780626670539
14.768400718166014
14.910883799017046
15.374029181237272
15.393384867227331
14.882515550414075
14.817174535495218
14.704830783620244
14.51633632318533
14.203124256074807
14.558305968022461
14.806601172553318
14.858564207242225
14.741389800861866
14.11414936524516
14.1575944775185
14.430304831132702
14.545576226614878
14.793756076643245
14.72780744531946
14.822448730613068
14.70934723659758
14.61264123173422
14.652889214288422
13.965691585779522
14.23952368960746
14.435859205917692
14.549118849466689
14.864497877283759
15.061430817663696
14.83017310147621
14.76826501099519
14.929593423717929
14.403474872837782
14.179095481228565
14.674269345026053
14.631536546135862
14.783592038290069
14.490594337812324
14.706719296908766
14.771657316243378
14.163255800963604
14.639596339532304
14.718940097696523
14.794897884501026
15.286025958860941
15.092858700284872
15.096367721293385
15.540087134922212
15.676708171440598
15.61742269143469
15.879706382176039
15.776673712390801
16.064786720124445
16.163910950769253
16.028030944111478
15.910831577510173
15.365087563949015
15.454419140877734
15.249120440285758
15.674004956893345
15.867441301052922
16.060651437945822
15.819462328114268
15.734223654008655
15.686129249007083
15.475006429712185
14.9829071090989
14.740321542688312
14.783592038290069
14.915779351778768
14.994902819338188
14.924376277111778
14.760799195205959
14.971724114544948
14.822448730613068
15.309981800409695
15.315217145784871
15.132264620897335
15.011600605168828
14.996048404116685
15.11016828033502
14.738126514749226
15.008396071296392
15.289490647000465
15.031422990993013
15.291269506114832
15.009636001856292
15.040562973235675
15.019837695695923
14.968836207247065
14.804029177003319
15.14688309598069
15.195949412127105
15.257529544202356
15.471453746579463
15.0420286618071
15.501625600329058
15.333900216278359
15.310580216200945
14.878205614703116
15.225538958570278
15.252574740432015
15.211221944601943
14.872200408543074
15.011600605168827
14.584399593889193
14.175379594764731
14.645618724638476
15.003969637432943
15.311328203050618
15.408350218789662
15.751991726868658
16.236441979259425
16.44175879388194
16.542449215082343
16.072537506501284
16.349276397670025
16.50007791078863
16.476184220402683
15.728854732827656
15.780593121464555
15.692680499526562
15.681455933483168
15.94687003228136
15.86247846481736
15.542647853187308
15.607795046780753
15.740045497800882
15.49807901921046
15.215004751613051
14.632847542958455
15.016024789570656
14.953833074403486
15.39933556842826
15.186054564477928
15.04141956182257
15.399800370120573
15.354052397743057
15.449546013453125
15.460809317461699
15.371198231863998
15.14830069660698
15.505466814442798
15.026565114190019
15.836899749147134
14.999484633488363
14.651794962647976
15.113502787679783
15.278250962481652
15.012363488602142
14.511976823016118
14.35975681292776
14.647182575399961
14.970347168632717
15.590854316323835
15.770883544316305
14.96192974574084
15.052760003681747
15.356233963059015
14.683787630752759
14.658808480607904
14.210862907215457
14.042563556602131
14.316865186979747
14.15411568467565
14.115772096278315
14.113439361748151
14.71178009553333
14.682539682539684
14.875799973811606
14.78399873399002
15.030661074927604
14.873490192501047
14.917410845675269
14.751117099755321
15.021515067782918
15.07936507936508
15.15179687774911
15.164772939403731
14.875799973811606
15.130902284536898
15.309327256354791
15.308055490753599
15.44848965768019
15.4400547530196
15.32674729119751
15.375518945230898
15.429203099914252
15.503103103004776
15.667409348893996
15.17986936702232
15.379987371386608
15.982379380885249
15.640047210732257
15.670625282960884
15.2545268249451
15.048651032251007
14.914704387691247
14.402659858791347
14.621984247229678
14.620417701167563
15.009788601615362
15.02183908398613
14.875799973811606
15.055726896739262
15.2763768777334
15.671082038247356
15.209810208428697
15.225538958570278
15.293984207967915
14.774758170872534
14.687530839189192
14.793756076643245
14.31716515503178
14.694235036281938
14.405681142879562
14.239865499380116
14.277695360420243
14.229567393103487
14.702825189534865
14.792575470768579
14.529820785820899
14.888881966172468
15.043551303872546
15.059890971917106
14.693143863814932
14.446267902600448
14.126477446042788
14.06505468535241
14.357762839816004
14.346830946676365
14.240327934837088
14.292506802668386
14.033446842132674
14.341142270430993
14.55226712354969
14.475629561802068
13.723004416876508
14.175783542650372
14.105708154588733
14.560665747588159
14.13814676450959
14.433974925472054
14.515922128332212
14.574030614581174
14.783282167389952
14.675537505852615
14.168995689733164
14.447456990450544
14.97885543292263
14.828918165005597
14.721488062347158
14.98413004133312
14.776405235221624
14.791743183773645
14.710223112166304
14.588030920723313
14.527751615716314
14.22970823777549
14.68271518166632
14.643174873467549
14.486009682143083
14.765298528410737
15.07463660959479
14.941727745382485
14.874414148066345
14.266942934227986
14.510418131871946
14.601507998254274
14.961776657854594
15.104710225933292
15.374774081278225
15.278625751846148
15.597096812667244
15.627685641523275
16.216680121750887
15.859933281081004
15.928384671310766
15.899166769802125
15.397253084611979
15.718876411961011
15.450732011056973
14.893496396463558
15.345043165663109
15.169454438755892
