0.2142857142857143
0.4285714285714286
0.6428571428571429
0.7857142857142858
0.9523809523809524
1.0952380952380953
1.3095238095238095
1.5476190476190477
1.5714285714285716
1.6904761904761905
1.738095238095238
2.0238095238095237
2.2142857142857144
2.4285714285714284
2.523809523809524
2.880952380952381
3.2619047619047623
3.428571428571429
3.642857142857143
4.023809523809524
4.523809523809524
4.690476190476191
5.023809523809524
5.166666666666667
5.428571428571429
5.809523809523809
6.142857142857143
6.333333333333334
6.595238095238096
6.642857142857143
6.857142857142858
7.071428571428571
7.428571428571429
7.642857142857143
7.880952380952381
8.380952380952381
8.642857142857142
9.023809523809524
9.285714285714286
9.380952380952381
9.666666666666664
9.80952380952381
10.119047619047619
10.428571428571429
10.452380952380953
10.761904761904761
11.023809523809524
11.30952380952381
11.690476190476192
12.095238095238095
12.285714285714286
12.85714285714286
13.285714285714286
13.166666666666668
13.142857142857142
13.5
13.785714285714285
13.952380952380953
14.142857142857142
14.452380952380953
14.595238095238095
14.785714285714285
14.904761904761903
15.04761904761905
15.119047619047619
15.404761904761905
15.523809523809524
15.642857142857144
15.904761904761905
16.499999999999996
16.57142857142857
16.61904761904762
16.785714285714285
16.92857142857143
17.142857142857142
17.61904761904762
17.92857142857143
17.785714285714285
17.904761904761905
18.0
18.547619047619047
18.595238095238095
18.761904761904763
19.07142857142857
19.023809523809522
19.523809523809522
20.238095238095237
20.54761904761905
20.35714285714286
21.000000000000004
21.095238095238095
21.261904761904763
21.571428571428573
22.09523809523809
22.285714285714285
22.499999999999996
23.047619047619047
23.35714285714286
24.142857142857142
24.404761904761905
24.761904761904763
25.023809523809526
25.71428571428572
25.357142857142854
26.047619047619047
25.976190476190474
26.0
26.30952380952381
26.45238095238095
26.785714285714285
26.547619047619047
26.547619047619047
26.90476190476191
26.785714285714285
27.21428571428571
27.42857142857143
27.714285714285715
27.73809523809524
28.023809523809522
28.333333333333332
28.452380952380953
28.26190476190476
28.54761904761905
28.452380952380953
28.833333333333332
29.238095238095234
29.166666666666668
29.761904761904763
29.73809523809524
29.57142857142857
29.595238095238095
29.88095238095238
30.142857142857142
30.142857142857142
30.452380952380953
30.5
30.83333333333333
31.5
31.19047619047619
31.714285714285715
31.83333333333333
31.59523809523809
31.5
31.714285714285715
31.714285714285715
31.952380952380956
32.07142857142857
32.11904761904762
32.476190476190474
32.476190476190474
32.666666666666664
32.5
33.02380952380952
33.02380952380952
33.357142857142854
33.785714285714285
34.07142857142858
34.14285714285714
34.404761904761905
34.904761904761905
34.95238095238095
34.904761904761905
34.61904761904761
34.523809523809526
34.714285714285715
34.85714285714286
35.30952380952381
35.833333333333336
36.214285714285715
36.595238095238095
36.26190476190476
36.80952380952382
36.333333333333336
36.904761904761905
36.904761904761905
37.0
36.92857142857143
36.88095238095238
37.214285714285715
37.166666666666664
37.523809523809526
37.595238095238095
37.666666666666664
37.833333333333336
37.595238095238095
37.238095238095234
37.80952380952381
37.80952380952381
37.857142857142854
37.642857142857146
37.71428571428571
37.857142857142854
38.857142857142854
38.80952380952381
38.761904761904766
38.904761904761905
38.50000000000001
38.69047619047619
38.80952380952381
38.857142857142854
38.99999999999999
38.42857142857143
38.11904761904763
38.30952380952381
38.54761904761905
38.69047619047619
38.99999999999999
38.642857142857146
38.66666666666666
39.19047619047619
39.523809523809526
39.30952380952381
39.47619047619047
39.952380952380956
39.952380952380956
39.785714285714285
40.19047619047619
39.952380952380956
40.35714285714286
40.78571428571428
40.761904761904766
40.738095238095234
40.666666666666664
41.0
40.761904761904766
40.64285714285714
40.78571428571428
40.64285714285714
40.333333333333336
40.71428571428572
41.21428571428571
41.21428571428571
41.21428571428571
41.45238095238095
41.26190476190475
41.333333333333336
40.69047619047619
40.738095238095234
41.047619047619044
41.0
41.11904761904761
41.476190476190474
41.904761904761905
42.11904761904762
41.73809523809524
42.00000000000001
41.92857142857142
42.11904761904762
42.38095238095238
42.523809523809526
42.57142857142857
42.333333333333336
42.642857142857146
43.047619047619044
42.952380952380956
43.07142857142857
43.285714285714285
43.11904761904762
43.64285714285714
44.0
43.976190476190474
44.14285714285714
44.16666666666667
44.69047619047619
43.976190476190474
44.28571428571429
44.095238095238095
43.666666666666664
44.261904761904766
44.214285714285715
44.357142857142854
44.095238095238095
44.0
44.452380952380956
44.11904761904763
44.42857142857143
44.28571428571429
44.52380952380952
44.95238095238095
45.07142857142858
44.69047619047619
44.66666666666667
44.642857142857146
44.785714285714285
45.02380952380952
45.47619047619048
45.261904761904766
45.23809523809524
45.90476190476191
45.85714285714286
45.952380952380956
46.023809523809526
45.88095238095238
45.85714285714286
45.57142857142858
45.69047619047619
46.14285714285714
45.85714285714286
45.61904761904762
45.42857142857142
45.49999999999999
45.642857142857146
45.73809523809524
45.42857142857142
45.19047619047619
45.404761904761905
45.42857142857142
45.02380952380952
45.261904761904766
45.47619047619048
45.47619047619048
45.166666666666664
45.47619047619048
45.714285714285715
45.38095238095238
45.30952380952381
45.69047619047619
45.42857142857142
45.38095238095238
45.0952380952381
45.02380952380952
45.33333333333333
45.76190476190476
45.90476190476191
45.76190476190476
45.642857142857146
45.83333333333333
45.666666666666664
45.73809523809524
46.214285714285715
46.523809523809526
47.11904761904761
47.023809523809526
47.095238095238095
47.14285714285714
47.38095238095238
47.023809523809526
47.023809523809526
47.45238095238095
47.30952380952381
47.21428571428571
47.166666666666664
47.333333333333336
47.35714285714286
47.1904761904762
47.35714285714286
47.45238095238095
47.21428571428571
47.095238095238095
47.57142857142857
47.57142857142857
47.66666666666667
48.142857142857146
48.595238095238095
48.57142857142856
48.54761904761905
48.738095238095234
48.738095238095234
48.76190476190476
48.714285714285715
48.642857142857146
48.42857142857142
48.42857142857142
48.595238095238095
48.57142857142856
49.166666666666664
49.238095238095234
48.97619047619048
49.452380952380956
49.30952380952382
48.9047619047619
49.33333333333333
49.38095238095237
49.547619047619044
49.666666666666664
49.404761904761905
49.33333333333333
49.452380952380956
49.33333333333333
49.285714285714285
49.04761904761905
49.404761904761905
49.42857142857143
49.214285714285715
49.19047619047619
49.30952380952382
49.142857142857146
48.97619047619048
48.83333333333334
48.50000000000001
47.76190476190476
47.59523809523809
48.0
48.214285714285715
47.92857142857142
48.11904761904762
48.26190476190476
47.92857142857142
48.642857142857146
48.52380952380952
48.714285714285715
48.76190476190476
48.785714285714285
49.166666666666664
49.11904761904762
49.285714285714285
49.523809523809526
49.11904761904762
48.452380952380956
48.26190476190476
48.57142857142856
48.357142857142854
48.23809523809524
47.85714285714286
47.785714285714285
48.23809523809524
48.0
47.5
47.547619047619044
47.61904761904761
48.09523809523809
47.976190476190474
47.404761904761905
47.833333333333336
47.45238095238095
47.66666666666667
47.642857142857146
47.833333333333336
47.76190476190476
48.357142857142854
48.23809523809524
48.285714285714285
48.23809523809524
48.83333333333334
49.214285714285715
48.92857142857143
49.04761904761905
49.11904761904762
48.76190476190476
48.857142857142854
48.88095238095239
48.76190476190476
48.857142857142854
49.47619047619048
49.5
49.38095238095237
48.95238095238095
49.404761904761905
49.85714285714286
50.023809523809526
49.833333333333336
49.904761904761905
50.16666666666667
50.38095238095238
50.3095238095238
50.73809523809524
50.45238095238096
50.261904761904766
50.45238095238096
50.5
50.04761904761905
50.404761904761905
50.07142857142858
49.738095238095234
49.92857142857143
50.33333333333333
50.261904761904766
49.85714285714286
49.92857142857143
49.88095238095238
49.92857142857143
49.833333333333336
50.11904761904762
50.142857142857146
50.33333333333333
50.38095238095238
50.61904761904762
50.66666666666667
50.92857142857143
50.761904761904766
50.357142857142854
50.476190476190474
50.83333333333334
50.761904761904766
50.66666666666667
51.28571428571428
50.95238095238095
50.9047619047619
50.761904761904766
50.92857142857143
50.261904761904766
50.404761904761905
50.73809523809524
50.595238095238095
50.8095238095238
50.57142857142857
50.642857142857146
50.38095238095238
50.404761904761905
