0.8354778974161651
1.1907166664286437
1.5079365079365077
1.727402917985175
1.8842084931025391
2.0140599270554795
2.3537406029146695
2.736238574141623
2.8155543011251125
2.8972454181650944
2.8081212207286734
3.2701179501597686
3.6173099040687404
3.7375965880954225
3.840959762328816
3.9652947118888373
4.181225852008806
4.3248176002550505
4.379224098103821
4.485675070217029
5.02518907629606
5.247651870779708
5.295879188545535
5.530297147221611
5.633142007365518
5.785985955533722
5.96971981630409
6.084112320684788
6.1741283383898296
6.056520474073279
6.084676997684537
6.076908089547835
6.224239152448058
6.56466145353604
6.594252144201357
6.931125136624161
7.152110408511633
7.276251608324646
7.36390372265973
7.256747946265521
7.350828378094652
7.385489458759964
7.493975530711809
7.350516776883088
7.280971900926114
7.332577436476886
7.602306945283714
7.719804853514069
7.8501433687841145
7.948619906540609
8.042011588417171
8.23396399289299
8.269909126636492
7.918124452138396
8.054533660899315
8.392765462300181
8.709111451646127
8.844327594740202
9.04154121064286
9.163800517668468
9.160050522414833
8.676174425226538
8.585446289832714
8.660220977572095
8.663493332529518
8.950102306387759
9.295483323396049
9.428667385249806
9.713597199001343
9.931480363255558
9.819367705421152
9.457319609847124
9.580010941212565
9.529189197294158
9.895350173733734
10.19182020599335
10.634247571904407
10.444083687853333
10.367179570178044
10.199233828628373
10.108863675417352
10.111129233561973
10.114441698549626
10.217043806791127
10.053198016178962
10.1805771576664
10.53712220505569
10.843272533844472
10.868169678686987
10.751658404883468
11.033640457311526
10.740334962965536
11.299272587511744
11.361233397643037
11.307884491706462
11.418019619786904
11.639074674456861
11.308770638954698
11.300286093356393
11.20029657213532
11.451196139908483
11.33304937781147
11.781468327243982
11.802713167469669
12.106610114923596
11.835270967880824
11.454595990387762
11.577389066942779
11.673536079730852
11.9665304717443
12.004750848042068
12.287614836347645
12.255534520721755
12.32019260542484
12.46748445089893
12.870763988845638
13.04329634913618
12.861395445146892
12.747268031023237
12.994826894129186
13.00308649382802
12.579052121689111
13.23061772130616
12.83465423188949
13.446979254068413
13.332302578174795
13.324977626454196
13.078282783503731
13.0607355171705
12.989008985624736
13.647164690962258
13.571934878280011
13.345781998725897
13.094560304292301
12.989515952486666
13.11411469077731
13.090864633282528
13.459578071935525
13.174255458823477
13.578283206869907
13.91064056349934
14.022160019803357
13.561298464810555
14.038587194417525
13.783375752126336
13.933365191770328
13.760819555402406
13.938768400664378
14.118469473833247
14.142783454039293
13.78420661152153
13.818622502228278
13.678179014042774
13.381924617066815
13.247918364163159
13.222825047018304
13.30485087405949
13.788941554105167
13.913604066243499
13.730680035812501
13.472441380268538
13.642821256648405
13.495967519373941
13.492063492063494
13.190240897528593
13.513352188579713
13.284866042733743
13.151960758137763
13.229752095278693
13.732494025224288
13.624488060561731
13.64366067540772
13.585619105282188
14.094032292456049
14.126497713629366
13.660438218514736
13.673321958774496
13.525952685361359
13.790747879991464
13.446979254068413
13.349643017292978
13.367539267646025
13.011912958273598
13.253968253968255
13.094888272033907
12.91978752836333
13.164602682305087
13.311670714098106
13.694266158803975
13.531031917614097
14.005263838822678
14.1427024768736
14.46844809536846
14.158888693875577
14.405780516459949
14.358560462289068
14.285934742567036
13.88888888888889
13.835705224013218
13.824857553146131
13.628375161483241
13.438992473461573
13.23061772130616
13.285038454228953
13.547948938923646
13.495776587785317
14.025936911690277
13.866112018412288
13.65918061761553
13.614250223840202
13.704715810197706
13.814975454409167
13.89220739575823
14.379920263412687
14.522567543235088
13.9584733894072
13.983004149617297
13.619128346161819
14.553270492771626
14.558305968022461
14.860490983233484
14.943548001765025
15.068652684661638
15.35809830318295
15.105089321212855
14.864247478049814
14.64067194713278
14.65474534716085
14.325022079815794
14.199273512614475
14.869793796127064
15.083902256578435
14.996334786637505
14.801862939376884
15.028222683935489
14.733716045552118
14.409814505097748
14.870563954475585
15.28162373585394
15.00734681926795
14.563025144777292
14.654452289179185
14.932450573195858
14.915932911752847
14.199092038206274
14.976561545493915
14.680667561313744
15.003969637432943
15.419197979243112
15.753591142654413
15.714504349347036
15.376729272197965
15.138469268466329
14.869736032642889
14.680765073520888
15.23273940870429
15.579464501332692
15.86902908085246
16.045437983275114
15.795191611990866
15.432023408506085
15.762312371845516
16.078664218375
16.158525330606306
15.420887610917102
15.39318027097587
15.601868801043572
15.225689394438046
14.940482179026796
15.21829747459122
15.03812618780935
14.679048764049044
14.474779050709119
14.524440330413697
14.5220746643625
14.627230954095749
14.720029357929686
14.215395315721116
14.654843031852435
15.04421741131634
14.614051880982093
14.840594624700095
14.729265379438491
14.923608895840418
14.755367138350914
14.776327730427614
14.991752009823834
14.610701366634505
14.824998217926522
14.211850088185699
14.628327043212774
14.421572205779325
14.981664966370422
15.204613890567428
15.281249020018283
15.39204564240654
15.32151588566103
14.976943884463608
14.554627882208933
14.09476358677656
14.063100362950228
14.622669558358393
14.979524417253845
14.644680334022647
14.429213541988304
14.533111144715466
14.526904156229495
13.974053466126795
14.343697463768995
14.239543796291802
13.955211673176832
13.286590057008576
13.918233276057034
13.587220671091881
13.236351063896116
13.38106877913903
13.390651039509477
13.287559716739183
13.33977374860044
12.715626860248424
13.142030179419267
13.058214311043889
13.274193725472063
13.128886761860764
12.804302370229095
12.895543281813751
13.299168590600635
13.225791133691297
13.626337198197108
13.788422451173385
14.63584087155097
14.529328153000298
13.991580778064163
14.356007914382756
14.349704367610677
14.57342160052065
14.876261887037993
14.899339289915694
14.879648812552709
14.896571889220391
14.704675019120403
14.784831456945625
14.693864826134448
14.951209808211205
15.169775295073915
15.3368873954926
15.571652154144857
15.419402230272011
15.528660083742798
15.281099131111212
15.459920407593922
15.217262695571643
14.741719974090481
14.413787774050693
14.152821031846832
14.309323924816386
13.86446006657088
13.876844911927272
14.158807808819098
14.21104423131018
14.266682047114344
14.37051948682977
14.748088928059003
15.055023263457592
15.239898883155481
15.150870940747135
15.077010524764697
14.929593423717929
14.527593952578178
14.65490164235484
14.387245420939848
15.138412530164405
14.737990528814043
14.687686785504908
14.257708640002715
14.16242696288667
14.205643811036175
14.353115807826736
14.61885098723544
14.447139909926618
14.5910923101986
14.210862907215457
14.449597101992293
14.22165773333475
14.222322072417992
14.438397637011843
14.403554383934209
14.481799215982536
14.431257161494393
13.918870957623279
13.778971360911296
13.492042271437349
13.497240327608113
13.389282565030172
13.564676007590867
13.755991679426458
14.220852432231709
13.857023846203512
13.822268587762712
14.380716656930431
14.36334526696578
14.454985608661428
14.470881884033904
14.537523390852597
14.179721431467676
14.154843874854638
14.512391130471297
13.99272665951236
13.983393179804363
14.614051880982093
15.020390486736193
14.969582143953787
14.827083836024881
14.407449890126884
14.41442339544738
14.388041409002273
14.70337042665346
14.976007136649617
14.90733111720689
14.653748926111037
14.920941939059814
14.976007136649617
14.855924118437303
15.545300238769993
15.353157306914685
15.001240624538875
15.200376447531891
15.307737532844213
15.551653072342011
14.93128093380145
14.5935252642275
14.646244284980664
14.807761325071109
15.207908863311145
15.126965956965538
15.233791930843289
14.989861206217128
14.892727424036991
14.976408607172992
14.733560586429814
14.98395807251874
14.219342369736818
14.19112504206268
14.877050955621849
14.330916941186295
14.439686513210207
14.732938733536848
15.305043977366845
15.284246489475622
15.162658240104369
15.641365201496674
15.713192493347423
15.971035735196853
16.14031785653122
15.755899104198717
15.759678342615357
15.27628316746081
14.61028984698628
14.507241040352909
15.135442928869352
14.878590481150693
15.009159117609306
14.787774659919764
14.629873172149818
14.694546784961403
14.966999896968257
14.66505725694989
15.034946350549358
14.807123252435087
14.569000574231858
14.59680126309275
14.382607914799006
14.937722400570404
15.18275484889877
14.457124605729685
14.503392078302003
14.59744852916749
14.465281578632785
14.719620894788251
15.16411212755179
14.987473487186673
15.035631881308683
14.717597862619499
15.012306273689394
14.739777672423504
14.717772943701918
14.156866428822932
14.111410583485911
13.886847922602797
13.882785713260526
13.497982743651699
13.413552232530057
13.373535043724424
12.958974462722553
13.068296217122615
12.730478993283354
12.46105272598346
12.483388719824118
12.429765579294536
