0.5682934680379572
0.6491902960578351
0.873015873015873
1.1573060492964877
1.4895976062094212
1.647314293118058
1.618736353521519
1.7907176978341786
1.9573956879018934
2.070141356976907
2.4954435217202398
2.817079217361077
3.008934830732228
3.2715185039796033
3.382784428669604
3.472330445643875
3.4772742056041124
3.7565460094562573
3.9142062489227367
4.416527453080075
4.718112730401661
4.650636050696154
4.774154518234609
4.9664464299718984
5.070507699342931
5.111001316343774
5.146561294083635
5.130681880802181
5.119956405566944
5.215252567394649
5.471169038512369
5.641014528990597
5.84467245146877
5.70962412071124
5.874916817273731
6.128935232783637
6.34631969011229
6.600154362562792
6.699012782322828
6.567495738472726
6.789563307584201
7.212701651829445
7.717616368979821
7.805557481268988
7.692645970922156
7.8222657932483415
7.844196192878293
7.899589457306612
8.06799450487112
8.036313287135956
7.8349929015964115
7.735551067308702
8.056062011816342
8.078775383384732
8.459635188222272
8.678319130584596
8.447611943775811
8.561903477809944
8.737895037372732
8.468835814591838
8.52436843341879
8.20177191265142
8.439880939871683
8.91333476261235
8.842223155279868
8.848696754427468
8.949078582008308
8.906265225892456
9.02807311252804
9.03837405188175
9.196392087703213
9.300995061151077
9.342183472737881
9.747581556766908
9.818201329645786
10.006153767474858
9.937244393179556
10.022392985841599
10.30743768933202
10.55447053629931
10.494621724344576
10.38139255325315
10.405633887973858
10.639200319134831
10.895138699230765
11.080146505311667
11.24929533767625
11.115336240581117
10.920730351272692
10.839707357419465
10.754533991498054
10.776235844876531
10.57593319952614
10.382716267264138
10.659659795775863
10.863321322441276
10.793120265376164
10.558728596852353
10.339636507080858
10.5305718285286
11.343150181850207
11.341938560327199
11.250695075122149
11.369999821616648
11.42426165330951
11.536487446981084
11.701095746875437
11.701756381299898
11.778648991709762
11.908392904658728
12.039425945228212
12.30847454180105
12.056726096837732
12.14438964572334
11.807563763859573
11.929363708940837
11.995207171010899
12.008590037236894
11.757604181907084
11.851516327793801
11.793710028419953
11.717038434260681
11.704814388097862
11.31990485814209
11.381250235093212
11.533806817151323
11.468684613713204
11.418019619786904
11.617481304940146
11.841970043787848
11.582556501394503
11.749833634547462
11.61353747707371
11.690593990916973
12.032598857255476
11.70567048684231
11.81725898360974
12.453698115871584
12.323352713572607
12.309707323329715
12.298235357695006
12.586333483530765
12.436213485216555
12.743426709472072
12.959327954775246
12.772399000556408
13.191087411583066
13.195080488960617
13.325600726214631
13.960934557443409
14.079378094028222
14.22175839276639
13.649681991045636
13.43072381851046
13.350758214776103
13.199766473241889
13.407851955336033
13.149696549468008
13.399029895968207
13.917718995447329
14.442065674764581
14.417859238372463
13.972352802792038
13.823262807818685
13.88726026320175
13.693743466914288
13.536638022598325
13.570352606647903
13.866710802354849
13.413402817982853
13.303473573667377
13.26519644331445
13.405865896372607
12.902646039150579
12.730366542261361
12.602087761774758
13.12267011754829
13.13418494515289
12.73468394846976
12.948475771529324
13.179122644898394
13.404776642335147
13.415366419242241
13.499361407979066
13.576153367737168
12.9771888447457
13.332732069175135
13.121971924453549
13.259086896434265
13.651527716093046
13.571428571428573
14.126011283525507
14.214911927667373
13.651863275655101
13.63190410904997
13.905370554720653
13.653037669175086
13.819119752356714
14.151425101582157
14.236406810208644
14.05652288729591
13.758593116193957
13.872387641343876
14.039076653617554
14.48037568295019
14.242438862492149
14.167601353153628
14.053263554841472
14.105221007539917
14.002319735305285
14.30774315660313
14.498574501985187
13.655826449007233
13.953652344530903
13.964871524088696
13.774960478277517
13.86464592097904
13.63927414216157
14.270795480827397
14.90642840910906
15.105449452916094
14.954273431644518
15.168699455941542
15.715287766672208
15.525986414765802
15.170303749510145
14.95029059876026
14.960398796384592
14.623922615653997
14.531692638230268
14.560823052628201
14.411741677343812
14.181114576358947
14.346890815482332
14.683105172215424
14.995112849766048
15.162677122653015
15.122971808587224
15.336140655236905
15.07509243030441
15.033041934414793
14.938201565349454
15.169756421360713
15.430334996209192
14.944410151088809
15.140587346261244
14.979830228711805
14.921018692678961
15.074028827207671
14.881438183508452
15.118029719591163
15.11160827149714
15.01154338734843
14.942724123712688
14.98367145344211
15.103629752184084
14.811144584191101
14.607781286066675
14.40695307294402
14.598939093401006
14.43506585465647
14.247403335275715
14.886574214646803
14.632847542958455
14.666931370711515
14.52917050696994
14.813096856344979
14.093524426852493
13.987978825260372
13.89416514910782
14.392816412920073
14.55171622475433
14.18789663129177
13.83402894519696
13.748017812393847
13.631736084643494
13.538329975461295
13.734328621356115
13.689561213333684
13.26573602067478
13.423452573708555
13.161731572748426
13.498767539070666
13.658908122158984
14.000254404405505
13.728594694426524
13.850265819053245
14.209432380451911
14.200059874916876
14.245152452696283
14.101648081638663
14.574678891907608
14.634197551258552
14.518919843365797
15.070989547612651
14.942877406789734
14.517440785020034
14.398683519127427
14.466449312347764
14.386588697633872
14.30502142490431
14.056421044596402
14.65724587026919
14.925143618927972
14.631438705841887
14.539669937044387
14.586598126763556
14.243062028933739
14.239041120665616
14.128605383889825
14.035078903967113
13.979809597682557
14.01072106044646
14.104916532090567
13.905699988782155
13.834691203073342
13.601773624146649
14.00837083237414
14.172612242197967
14.555159000138756
14.68107710823135
14.383662929543076
14.357264303268064
14.041115883296932
13.764148138391402
13.933365191770328
13.259518758974611
13.731826838588269
14.058559586355127
13.801539381243423
14.153205394265658
14.371635154709693
14.251100442006207
14.081919789827365
13.504450641625224
13.291006822853868
13.706470570003903
14.041034319796116
13.714635604269493
13.709394670561373
13.722482819632392
13.618770956869946
13.61372445978054
13.943799924493977
13.729762524623995
14.038342458417977
14.225542670521438
14.012028842724142
13.97110278570936
13.872387641343876
13.92298433020078
13.887569510616535
13.859503029642925
13.881898880075461
13.831379596596891
13.726655042622507
14.296052055623761
14.15209273758328
13.492042271437349
13.187266814881058
13.224665398102703
13.425500008645702
13.237475805717501
13.477540779149185
13.664440810707315
13.735516808542567
14.079317087690763
14.109767059256468
14.177399219098552
14.23962422274525
13.979297582387728
13.91162846789134
13.965466073614955
13.879320554843833
14.12617342875458
14.036710776040154
14.361670766661106
14.502207576770473
14.478734492036772
14.934291131636618
14.833551248884746
14.582377436253346
14.431892013489808
14.067171561563418
14.347210111561589
14.143491984462534
14.285293404093464
14.258351219234841
14.331815944188339
14.460431506084962
14.544139250295512
14.793349649190132
14.778478337597905
14.822757782733174
14.09776962043705
14.050411018721205
14.187250860979821
14.243564562656358
14.42252511276296
13.959314337288156
14.161395901480448
13.785432037724025
14.18224514407199
14.793349649190132
14.662811909497142
14.123234257574197
14.059944373192728
13.661590917641004
13.33786341651646
13.771738457325228
13.284176374376111
13.270483355427595
13.52087154505126
13.816322487595723
13.477285855029802
13.780114144807612
14.016952365539762
14.055606276435146
15.27703283354644
15.387134154162144
15.471546274715042
15.43404554934596
15.20536709014437
15.029441928882406
15.107515305741352
14.872412171792826
14.824380200658538
15.096898745301152
15.063483700467678
15.109694569035359
14.767877269349853
14.694546784961403
14.921786207156455
14.80681387398653
14.895034222219566
14.616089245093608
15.208511295410387
14.736572314996966
14.458708843987896
14.313165064108233
14.532106383591495
14.393850788314912
13.918870957623279
14.004282539754143
14.018668041790233
13.664105560021108
13.485780728837387
13.809109147711165
13.967003584334336
13.808176113103768
13.815908029834251
14.509924840303349
14.195865439282477
14.359178589231291
14.1422166041424
13.965138049420295
13.530206672120798
13.451918034661142
14.12599101524101
13.827238973168472
14.10051105171901
14.266039843124195
14.064728983810173
14.013990287312039
14.009188347728074
13.847206055903097
14.111167110493566
13.799879699562384
14.199092038206274
14.315745250716748
14.499285392595857
14.77398301823023
14.367969063509415
14.220208158513817
14.294750228730436
14.003853199788901
14.004180317146792
14.487037403534083
14.296512673668701
14.542268999989783
14.317965039113126
14.195240200926056
14.861319420106481
15.017702587532536
14.422227336093918
14.488914783216797
14.03940295027083
14.230513037730761
13.958309296108428
13.882888829721708
13.679288357954622
14.00755326930799
13.80097926098966
13.528429049309535
13.4205515061882
13.117083532219109
13.518266720422686
13.77132265777568
13.656392522740108
