0.14285714285714285
0.19047619047619047
0.30952380952380953
0.4523809523809524
0.5952380952380952
0.7380952380952381
0.7619047619047619
0.9523809523809524
1.119047619047619
1.2857142857142858
1.5476190476190477
1.6904761904761905
1.9761904761904763
2.3095238095238098
2.4761904761904763
2.666666666666667
2.9047619047619047
3.1904761904761907
3.2857142857142856
3.7142857142857144
3.9285714285714284
4.214285714285714
4.428571428571429
4.642857142857143
4.738095238095238
4.976190476190475
5.047619047619048
5.404761904761904
5.690476190476191
5.928571428571429
6.309523809523809
6.595238095238096
6.857142857142858
6.833333333333333
6.7857142857142865
7.142857142857142
7.333333333333333
7.5
7.690476190476191
7.761904761904762
8.0
8.5
8.857142857142858
9.047619047619047
9.142857142857142
9.238095238095239
9.238095238095239
9.261904761904763
9.404761904761905
9.619047619047619
9.857142857142856
9.761904761904761
10.261904761904761
10.452380952380953
10.976190476190476
11.285714285714286
11.333333333333332
11.690476190476192
11.714285714285715
11.738095238095237
11.880952380952381
11.476190476190478
11.857142857142858
12.285714285714286
12.357142857142858
12.357142857142858
12.404761904761905
12.523809523809524
12.642857142857142
12.952380952380954
13.142857142857142
13.452380952380954
13.61904761904762
13.976190476190474
13.904761904761903
14.119047619047617
14.119047619047617
14.499999999999998
14.738095238095239
14.738095238095239
14.738095238095239
15.071428571428571
15.54761904761905
15.833333333333336
15.952380952380954
16.19047619047619
16.61904761904762
16.809523809523807
16.547619047619047
16.71428571428571
16.761904761904763
17.142857142857142
16.976190476190474
17.357142857142858
17.666666666666668
17.785714285714285
18.047619047619047
17.904761904761905
17.857142857142858
18.357142857142858
19.023809523809522
19.214285714285715
19.214285714285715
19.19047619047619
19.666666666666664
19.61904761904762
19.9047619047619
19.928571428571427
20.333333333333332
20.404761904761905
20.54761904761905
20.78571428571429
20.928571428571427
21.571428571428573
21.785714285714285
22.047619047619047
22.023809523809522
22.428571428571427
22.404761904761905
22.69047619047619
22.952380952380956
22.9047619047619
23.523809523809526
23.547619047619047
24.21428571428571
24.333333333333336
24.523809523809526
24.642857142857142
24.976190476190478
24.952380952380953
25.09523809523809
25.0
25.45238095238095
25.357142857142854
25.380952380952383
25.071428571428573
24.88095238095238
25.166666666666664
25.4047619047619
25.61904761904762
25.880952380952376
26.023809523809522
26.11904761904762
26.190476190476193
26.11904761904762
26.26190476190476
26.785714285714285
26.880952380952376
27.047619047619047
27.642857142857142
27.642857142857142
27.904761904761905
28.023809523809522
27.904761904761905
28.142857142857142
28.214285714285715
28.19047619047619
28.023809523809522
28.26190476190476
28.690476190476193
29.38095238095238
29.142857142857142
28.76190476190476
28.595238095238095
28.523809523809522
28.690476190476193
28.238095238095234
28.57142857142857
29.047619047619044
28.904761904761905
28.92857142857143
28.54761904761905
28.73809523809524
28.880952380952387
28.78571428571429
28.952380952380953
29.452380952380953
29.261904761904763
28.976190476190478
29.047619047619044
29.19047619047619
29.523809523809526
29.714285714285715
30.142857142857142
29.642857142857142
29.28571428571429
29.57142857142857
29.78571428571429
30.28571428571429
30.452380952380953
30.785714285714285
30.523809523809526
30.523809523809526
30.119047619047617
30.333333333333336
30.83333333333333
30.64285714285714
30.976190476190474
31.261904761904763
31.333333333333336
31.238095238095237
31.047619047619047
31.071428571428573
31.428571428571427
31.880952380952383
31.761904761904763
31.83333333333333
32.19047619047619
31.976190476190474
31.90476190476191
32.61904761904762
32.61904761904762
32.285714285714285
32.76190476190476
32.785714285714285
32.69047619047619
33.095238095238095
32.976190476190474
33.61904761904761
34.14285714285714
33.92857142857143
34.07142857142858
34.30952380952381
34.5
33.976190476190474
34.19047619047619
33.642857142857146
33.833333333333336
33.92857142857143
33.595238095238095
33.833333333333336
33.85714285714286
33.8095238095238
34.023809523809526
34.19047619047619
34.166666666666664
34.523809523809526
34.76190476190476
34.976190476190474
34.88095238095238
34.38095238095238
34.523809523809526
34.88095238095238
35.23809523809524
35.14285714285714
35.404761904761905
35.11904761904761
35.38095238095238
35.5
35.333333333333336
35.26190476190476
35.714285714285715
35.523809523809526
35.523809523809526
35.285714285714285
35.45238095238095
35.69047619047619
35.547619047619044
35.59523809523809
35.714285714285715
35.785714285714285
35.785714285714285
36.11904761904762
36.023809523809526
35.833333333333336
35.88095238095238
35.714285714285715
35.357142857142854
35.738095238095234
35.404761904761905
35.57142857142857
35.66666666666667
35.523809523809526
35.92857142857142
36.142857142857146
36.23809523809524
36.80952380952382
37.11904761904762
37.26190476190476
37.476190476190474
37.5
37.476190476190474
37.42857142857143
37.69047619047619
38.07142857142857
38.476190476190474
38.42857142857143
38.42857142857143
38.54761904761905
37.833333333333336
37.73809523809524
37.95238095238095
38.095238095238095
37.785714285714285
38.785714285714285
38.476190476190474
38.38095238095238
38.785714285714285
38.45238095238095
37.92857142857143
38.23809523809524
38.261904761904766
38.357142857142854
38.30952380952381
38.5952380952381
38.19047619047618
38.642857142857146
38.45238095238095
38.45238095238095
38.42857142857143
38.42857142857143
38.333333333333336
38.88095238095238
39.0952380952381
39.357142857142854
39.11904761904762
39.214285714285715
39.23809523809524
39.54761904761905
39.92857142857143
40.0
39.61904761904762
39.54761904761905
39.285714285714285
39.11904761904762
39.0952380952381
39.0952380952381
39.30952380952381
39.57142857142858
39.11904761904762
39.5
39.76190476190476
39.64285714285714
39.61904761904762
39.19047619047619
39.33333333333333
39.38095238095238
39.33333333333333
38.92857142857144
38.66666666666666
39.11904761904762
39.26190476190476
39.976190476190474
40.095238095238095
40.0
40.333333333333336
40.14285714285714
40.11904761904762
40.595238095238095
40.595238095238095
40.166666666666664
40.07142857142857
40.3095238095238
40.666666666666664
40.54761904761905
40.64285714285714
41.0
40.61904761904761
40.45238095238095
40.45238095238095
41.047619047619044
41.11904761904761
41.142857142857146
41.142857142857146
41.07142857142857
40.904761904761905
41.23809523809524
41.07142857142857
41.142857142857146
41.333333333333336
42.02380952380952
41.92857142857142
41.904761904761905
41.26190476190475
41.57142857142858
41.57142857142858
41.42857142857142
41.76190476190476
41.714285714285715
41.714285714285715
41.166666666666664
41.38095238095238
41.35714285714286
41.404761904761905
41.07142857142857
41.21428571428571
41.404761904761905
41.857142857142854
42.00000000000001
42.214285714285715
42.07142857142858
41.92857142857142
42.07142857142858
41.66666666666667
41.57142857142858
41.38095238095238
42.00000000000001
42.142857142857146
42.357142857142854
42.142857142857146
42.285714285714285
42.97619047619048
43.142857142857146
43.78571428571429
43.904761904761905
43.30952380952382
43.42857142857143
43.30952380952382
43.21428571428571
43.523809523809526
43.11904761904762
43.238095238095234
43.35714285714286
43.0
43.19047619047619
43.07142857142857
43.38095238095237
43.64285714285714
43.78571428571429
43.6904761904762
43.42857142857143
43.33333333333333
43.0
42.97619047619048
42.952380952380956
42.738095238095234
42.952380952380956
43.42857142857143
43.904761904761905
44.07142857142857
43.904761904761905
43.976190476190474
44.42857142857143
44.16666666666667
43.88095238095238
43.6904761904762
44.357142857142854
43.88095238095238
44.14285714285714
44.5952380952381
44.761904761904766
44.57142857142857
44.357142857142854
44.095238095238095
43.8095238095238
43.35714285714286
43.19047619047619
43.523809523809526
43.6904761904762
43.404761904761905
43.238095238095234
42.97619047619048
42.54761904761905
42.50000000000001
42.42857142857142
42.952380952380956
43.57142857142857
43.64285714285714
43.6904761904762
44.11904761904763
44.261904761904766
44.261904761904766
44.547619047619044
44.69047619047619
45.04761904761905
44.95238095238095
44.857142857142854
44.5952380952381
45.166666666666664
45.47619047619048
45.42857142857142
44.976190476190474
44.714285714285715
44.785714285714285
44.214285714285715
44.404761904761905
45.166666666666664
44.714285714285715
44.785714285714285
44.714285714285715
44.83333333333333
44.52380952380952
45.214285714285715
45.92857142857142
46.04761904761905
46.023809523809526
45.90476190476191
45.404761904761905
45.404761904761905
45.33333333333333
45.142857142857146
45.523809523809526
45.8095238095238
45.90476190476191
45.97619047619047
45.595238095238095
45.04761904761905
45.285714285714285
45.166666666666664
