0.43617998163452715
0.7193143556779921
0.9412304866850321
1.140189776553413
1.5457606366697276
2.012549739822467
2.441077441077441
2.5482093663911844
2.7701254973982246
3.145087235996327
3.5506580961126417
3.7496173859810225
4.147535965717784
4.790327517600244
4.935720844811755
5.31833486378941
5.417814508723599
5.846342209978574
6.098867462503827
6.244260789715335
6.688093051729416
7.11662075298439
7.3232323232323235
8.157330884603613
8.578206305479034
8.417508417508419
9.266911539638812
9.611264156718704
9.573002754820937
10.1010101010101
10.192837465564738
10.43771043771044
11.662075298438934
11.531986531986531
12.121212121212121
13.123660850933577
12.894092439546986
13.712886440159167
14.256198347107437
13.414447505356597
13.850627486991124
14.21028466483012
15.052035506580964
15.625956535047445
15.564738292011018
16.13100704009795
16.314661769207227
16.57483930211203
16.681971227425773
16.957453321089684
17.95990205081114
17.944597490052036
17.669115396388126
18.128252219161308
18.44964799510254
18.56443220079584
19.130700948882765
19.674012855831037
20.02601775329048
20.684113865932048
21.21212121212121
22.038567493112946
21.755433119069483
21.28864401591674
22.13804713804714
23.46954392408938
23.875114784205696
23.7603305785124
23.836853382307925
24.0052035506581
24.67860422405877
24.693908784817875
25.198959289868377
25.841750841750837
25.589225589225588
26.377410468319557
26.140189776553413
27.356902356902356
28.46648301193756
29.767370676461585
29.820936639118457
29.92041628405265
29.017447199265376
29.553106825834096
30.50198959289868
30.39485766758494
30.348943985307624
30.76981940618304
30.945821854912765
30.111723293541477
30.188246097337007
31.420263238445056
30.86929905111723
30.570860116314662
30.777471686562595
31.535047444138353
32.45332108968472
32.34618916437098
32.69819406183043
33.44811753902663
33.72359963269054
34.96326905417815
34.11386593204775
34.83318028772574
35.26170798898071
35.42240587695134
36.21824303642486
36.072849709213344
35.54484236302418
35.284664830119375
35.001530456075905
36.11876339149067
34.87909397000306
36.662075298438936
36.66972757881849
37.22069176614632
37.13651668197123
36.66972757881849
36.92990511172329
37.62626262626262
36.01163146617692
37.06764615855525
37.59565350474441
38.1695745332109
37.6798285889195
37.37373737373738
37.65687174778084
37.511478420569325
38.02418120599938
38.30731558004285
39.18732782369146
38.53688399142944
38.6593204775023
39.5393327211509
39.70768288950107
39.172023262932356
39.49341903887359
38.56749311294765
39.66176920722375
39.378634833180286
39.745944291398835
40.17447199265381
39.94490358126722
39.73063973063973
39.35567799204163
39.11845730027548
39.70003060912152
39.47811447811448
39.998469543924095
39.93725130088767
40.22038567493113
40.082644628099175
39.5393327211509
40.289256198347104
41.2381389654117
40.09794918885828
40.72543617998164
40.09794918885828
40.38108356290174
40.1591674318947
41.031527395163764
41.76614631160086
41.79675543311907
41.268748086929904
41.000918273645546
41.245791245791246
41.528925619834716
41.84266911539638
41.89623507805326
41.391184573002754
41.65901438628711
42.02632384450566
42.2482399755127
42.09519436792164
42.722681359045
41.71258034894399
41.36057545148454
42.53902662993572
43.00581573308847
41.31466176920722
42.003367003367
40.970309152127335
41.55953474135292
42.48546066727885
42.16406489133762
42.722681359045
44.031221303948584
41.80440771349862
43.4573002754821
43.62565044383226
43.77104377104377
44.00826446280992
44.031221303948584
44.43679216406489
44.628099173553714
44.52861952861953
44.383226201408014
44.15365779002143
44.390878481787574
44.48270584634221
44.99540863177227
45.20967248239975
45.469850015304566
45.35506580961126
45.86011631466177
44.88062442607897
45.66115702479338
44.696969696969695
46.02846648301194
45.23262932353841
44.8423630241812
45.29384756657484
44.75053565962657
44.55157636975819
44.97245179063361
45.62289562289562
45.48515457606367
45.51576369758188
46.50290786654423
45.38567493112948
45.982552800734624
45.003060912151824
44.93419038873584
44.32200795837159
44.58983777165595
44.8270584634221
45.10254055708601
45.094888276706456
46.57943067033977
45.74533210896847
45.5616773798592
45.22497704315886
45.48515457606367
45.707070707070706
44.8423630241812
45.27089072543618
45.48515457606367
45.77594123048669
45.83715947352311
46.288644015916745
46.18916437098255
45.83715947352311
46.2962962962963
46.45699418426691
45.67646158555249
46.33455769819407
47.260483624119985
47.73492500765228
47.45944291398837
46.76308539944904
46.83195592286501
46.18916437098255
46.717171717171716
47.0309152127334
47.4211815120906
47.21456994184267
47.138047138047135
47.5206611570248
47.666054484236305
47.7655341291705
46.72482399755127
47.444138353229256
47.55127027854301
48.13284358738904
47.71196816651362
47.689011325374956
48.584328129782676
47.58953168044077
46.88552188552188
47.60483624119987
47.77318640955004
48.04866850321396
47.31404958677686
47.666054484236305
47.89562289562289
48.78328741965105
48.8904193449648
48.668503213957756
49.08172635445363
48.76798285889195
48.00275482093664
48.1711049892868
48.18640955004591
49.1505968778696
48.12519130700949
48.6608509335782
49.48729721456994
48.239975512702784
48.56902356902357
49.403122130394856
48.20171411080502
47.88031833486379
47.581879400061226
48.79093970003061
49.211815120906024
49.67095194367921
49.5102540557086
49.94643403734313
49.22711968166514
49.16590143862871
48.74502601775329
49.95408631772268
50.436179981634524
50.13774104683195
48.89807162534435
49.464340373431284
48.102234465870836
49.34955616773799
48.50780532598715
48.393021120293845
48.584328129782676
48.117539026629935
48.063973063973066
48.47719620446893
49.3801652892562
48.21701867156413
48.72206917661463
48.913376186103456
48.92868074686256
49.433731251913066
50.558616467707374
50.321395775941234
48.461891643709826
48.22467095194368
48.13284358738904
47.903275176002445
48.92868074686256
49.20416284052648
49.211815120906024
49.1505968778696
48.76798285889195
48.79093970003061
49.739822467095195
50.0
49.01285583103765
49.73217018671564
50.558616467707374
49.73217018671564
48.6455463728191
48.859810223446594
49.55616773798592
49.318947046219776
48.98224670951944
49.01285583103765
49.33425160697888
50.18365472910927
50.3902662993572
48.591980410162236
49.54086317722681
49.32659932659933
49.403122130394856
49.647995102540555
49.67095194367921
49.831649831649834
49.68625650443832
49.08937863483318
50.252525252525245
50.382614018977655
50.14539332721151
49.63269054178145
49.78573614937251
50.65809611264156
50.0
50.053565962656876
50.18365472910927
48.37006427915519
50.221916131007035
48.92102846648301
49.12764003673094
49.91582491582491
49.63269054178145
48.553719008264466
49.71686562595654
48.84450566268748
48.102234465870836
48.86746250382614
49.29599020508111
48.86746250382614
49.211815120906024
48.706764615855526
48.67615549433731
47.5206611570248
48.31649831649832
49.02050811141721
48.92868074686256
47.94918885827977
48.65319865319865
48.92102846648301
49.02050811141721
50.221916131007035
50.02295684113866
48.17875726966636
47.4211815120906
49.005203550658095
50.17600244872972
50.0
49.433731251913066
49.34955616773799
50.33670033670033
49.51790633608815
49.250076522803795
49.60208142026324
50.321395775941234
50.19130700948883
50.221916131007035
51.729415365779
51.38506274869912
50.66574839302112
51.07897153351699
50.818794000612186
50.252525252525245
50.91827364554638
51.15549433731251
50.352004897459445
51.43097643097643
50.535659626568716
50.78818487909397
50.88766452402815
50.895316804407706
50.66574839302112
51.13253749617387
50.65044383226201
49.86225895316805
49.54086317722681
50.92592592592592
51.193755739210275
50.65044383226201
50.45148454239363
51.06366697275788
52.03550658096112
50.98714416896235
51.92072237526782
51.52280379553107
51.13253749617387
51.14018977655341
51.53810835629018
51.966636057545145
52.32629323538415
51.56106519742883
52.22681359044995
51.668197122742576
51.70645852464034
51.545760636669726
51.652892561983464
51.40801958983777
51.38506274869912
51.36975818794001
51.691153963881234
52.04315886134068
52.425772880318334
51.652892561983464
52.17324762779308
51.124885215794315
50.67340067340067
51.331496786042244
50.86470768288951
51.790633608815426
52.43342516069789
50.321395775941234
50.55096418732783
50.94123048668503
49.8699112335476
50.75757575757576
50.436179981634524
51.62993572084481
51.43097643097643
51.91307009488827
50.66574839302112
50.382614018977655
50.06121824303643
50.45913682277319
49.80869299051117
49.181205999387814
50.47444138353229
50.39791857973675
49.60208142026324
49.82399755127028
50.42087542087542
49.82399755127028
50.19130700948883
51.476890113253745
50.252525252525245
50.91827364554638
51.606978879706155
51.4998469543924
51.453933272115094
50.72696663605755
50.58157330884604
50.21426385062748
50.02295684113866
50.19130700948883
49.68625650443832
50.09182736455464
50.29843893480257
50.30609121518212
51.15549433731251
52.20385674931129
51.1095806550352
50.4897459442914
