0.8765046549412548
1.117311955115262
1.4900441466864447
1.8270323438882412
2.2653836079956076
2.6407056448961788
2.904110783692739
2.738375366428054
2.8255653837280783
3.367412444834513
3.761727595073636
3.986687017763445
4.571294206486685
5.097868376546113
5.704230478176939
5.970069482597104
5.901528877545708
6.268802006762586
6.457668270238106
6.267284256440604
6.499916295926756
7.075549054031885
7.245724930830388
8.19185664083877
8.287229687092305
7.6928701470545455
8.262094514932892
8.013986392941732
7.998528183041577
8.771922389144118
8.049136209197453
7.7447270677884275
9.046653599319118
9.03877971687804
8.655279475132543
10.368445845861949
10.24842688225933
10.828228620833778
10.989585990727052
11.220807931501184
11.744021365367592
11.227016560034516
11.836934396899618
11.836489842909428
12.33746140281081
11.984753377309769
11.757349362792342
11.739960253437257
11.762354842003713
11.770056085702173
12.872693467259019
12.685709225301114
11.555869484138631
12.396868406587345
12.848615477096665
12.58191453492914
12.474618545906656
12.631523944429782
13.202690600602773
13.290657085337168
13.915669596269057
14.605181580994067
14.60885523255028
14.211239099512838
14.682880360746179
14.69640754804341
15.106263805476146
14.697799226872588
15.049962625605993
14.124537520022892
14.082429534460966
14.662164719223355
14.460852333420595
13.637538679504688
13.51142317803458
13.658589459883844
13.915122672594629
13.772118675155465
14.217973568645647
14.525767667600093
14.650732657406193
14.207598647899284
13.897661090219193
14.289721381544185
15.487058645436377
14.937601342777077
15.551752648883395
15.287221995333281
14.867988357756712
15.27218591957813
15.062623327651817
15.469726370768386
14.681793030576879
13.87393266826088
14.359752689208927
14.581919453118708
14.224782177951841
15.079974022659117
13.874806905354161
15.055326755510997
14.287401484601137
15.570935457496576
14.340693188879497
13.272497155793591
14.186549429979761
14.52712043919438
14.07068703252749
14.61227974983706
14.650554087485009
14.238452267766213
13.605672012723236
14.290545218439076
12.822830056942635
14.29761037413746
13.994934223519111
14.25720430259416
14.443227190729516
13.361169991920734
12.904172357109156
14.10258015629003
13.977283082918976
13.607953018732836
14.096980026878011
14.475480430373652
13.836165745329454
13.668700327812827
13.085248467950017
13.19646304721664
12.850003682687891
13.079883274464372
12.974370620185796
12.414216236425844
12.44080797147313
12.137312911664191
12.984283900822424
12.745244765796787
12.652876286560701
12.261118367149896
12.227332565804671
12.196724672853788
12.782090386156309
12.507187331375972
12.82706749032798
12.220306326341582
11.950793253851339
12.843410684512477
13.697631732584181
13.029183659398386
13.130781083289179
13.444741466219726
12.616355511400954
12.480003348323871
12.034709843756325
12.766677032988124
12.589220699397483
11.473184744492668
12.05454222636409
12.160929099238256
12.588890088455654
12.31368884931747
12.645691533765227
13.07920138961896
12.653757354132525
13.738792019522378
13.1378589539009
13.824377502644941
13.238103642792098
13.27878532077365
12.84440366900365
12.998984129349338
12.707351864669217
12.939400657481379
13.058639500932001
12.86182511785424
12.71591397298273
13.029603491798486
12.955347433225823
13.062636577333178
13.4201812425332
13.071773360793873
12.846893893834821
13.127880476418783
12.938566613806678
13.521057042761209
13.412283745866011
13.032012703150006
13.74254584376689
12.855814009211821
13.452946971628618
12.89420901359033
12.11257570250166
12.478824132367654
11.729593491621108
12.041792531211067
11.989584573307631
12.588625593450628
11.268057042893874
11.231969875201816
11.024643699282095
10.991555207247682
10.716935272248364
12.141992813575639
11.961184537498436
12.050173761271818
12.10313975737086
11.208475843144306
10.438036081783213
10.214686683241624
11.147741542113916
11.115393957325429
11.372055985221122
10.541357039188371
11.170596853203408
12.231278038700351
12.248884664216133
12.327095492061972
12.524963899937557
12.09058392486117
12.63956117261894
12.09200260794388
12.228042504504376
12.51877441940599
12.816123334660684
11.689428280313932
12.134402675096021
13.348882120177787
13.158471018887779
11.873526481597176
13.034667795178507
12.475104703151466
12.520776185697674
11.99467159312699
11.839141849934641
11.83097548307289
11.520846460286318
12.141473729740754
12.417664220177226
12.740473773040986
12.65933837314607
12.428282305475225
12.546345943311696
11.8056769809762
11.727058676440263
10.98018948408189
11.63797444843679
10.74421092386705
9.747529341111738
11.413296454426852
10.47668518827014
9.894936483877036
10.50906378966212
10.832192428981609
11.500641766990217
11.356516858598836
11.285670129738762
12.203245596862672
11.394401360213484
11.018447850379715
10.716949142407607
10.923061001645863
11.588678147350501
11.668870916563236
11.535731287705628
11.686040180244857
11.268998896404192
10.121603175380468
10.739793897689296
9.659664813069854
10.104732543832492
10.248078774465721
10.50959843903329
10.265516040031663
10.005044951477718
9.480872515326087
11.202065859772633
10.407161997559953
10.42345473892041
9.336086219358103
9.758734389550188
9.502934692091163
9.738414982913087
10.802293562574752
11.343538221917921
11.465753411713164
10.199890979050517
11.167650323279453
10.503441252122414
10.099550175865083
9.257128148243785
9.28520213980085
9.487229576629028
9.179495731510153
9.991840184293325
8.927952760742846
9.581483698638351
8.674523864397067
9.488404602140308
9.89539315430256
9.3636123482339
8.814093572384754
8.658109286312387
9.85748687969052
9.408626746504488
9.680665462556199
10.069456969117889
9.770376929314947
9.117228845428485
9.456005186655037
10.270310729307445
9.819667396390269
9.617903057145023
9.09891103175186
9.14324198536353
9.983580196852646
10.12692691283488
10.511182425655791
9.979541478545508
10.076209812870996
9.808313726107984
10.149655649859989
10.203877444816271
10.405525034814815
10.118644986060065
9.817402557895875
9.068421507948266
9.408358161837219
10.859810975688715
10.044933935998154
10.266373226141624
9.284462500045038
9.93813075429638
9.102073257057805
9.67446009224047
9.600252587333696
9.468723314123235
9.31234235297259
9.41248088201026
9.214910025532658
9.442048356622946
9.224312826293993
8.67181939921758
9.270645059540064
9.689558010008295
9.34146299713502
8.825958227939916
9.519235404272676
9.560846671095153
9.104933993631219
9.38224672406838
9.989804843254039
9.38817657949198
10.628780082736814
10.714651999330686
10.288978844426957
9.677916544334932
9.907319211495276
9.903765715994227
10.18575969810648
9.728066700713816
10.196343229814358
10.08742700010949
9.993982200735811
9.749517683100791
9.093122750374844
10.519921174739668
10.189124399187241
9.810559450600245
8.951660100895847
8.953264036665521
9.386786313945604
9.165088643274009
9.828046995590352
10.410235249531686
9.724435474579705
9.642288118212402
9.724958234604584
9.871073168634103
9.665864303363914
10.04417920577264
10.762391277626024
10.150525548921248
10.137357785745541
9.602023738547388
9.339129938546918
10.07125187282819
10.169495412046018
10.428766919739369
10.152505243300098
8.753058572604589
9.693864753112573
9.906611015117816
10.34813427749725
8.923666157710086
9.732988699233495
9.63798608926158
9.106866767937353
9.510936940994338
9.148039922368799
8.538575105159921
9.413024125010299
9.447899772310347
8.265904190715862
9.374258302965266
9.657621032338291
8.747789125616666
9.281884506981681
9.473645115758588
8.901223646208788
8.245641294632355
8.35432836005403
8.484594105780918
9.294917649392744
7.768218401953058
7.967824018685361
8.474103962782976
8.243257756371777
8.39012167908891
7.942217037567822
8.461225975490962
8.17215228580697
9.093956411500796
8.39135467434575
8.597298222316944
8.85373393317212
7.852536973161104
8.261212894942993
7.681349158140057
8.034115678198159
7.009463251476931
8.577384957453845
7.930038626011257
7.202795361322144
7.847992544673656
7.971315609167301
7.730514936547587
8.167479938968848
7.7344826670624185
8.463119579692169
8.16281584377175
8.848080937554595
8.338438640981419
8.08457815682493
8.912115055415558
8.261644720570674
7.584048895303614
8.134201326800254
8.177243702595053
7.794305502267451
8.566609354849003
8.657192446370868
9.077321043616712
7.980127311651349
7.907919096450778
7.630896636903735
8.053877211826306
8.472798799253727
8.025344732163841
8.389083413249718
8.485697761376173
8.772247739083557
8.262756567685967
7.4106910062523985
7.994513002970375
8.46636828441368
8.278371389138188
7.814966408282818
8.596827926488064
8.389200357461716
8.774186032383676
8.585408439918316
8.669199822835363
8.311001204396565
7.928223937520618
8.178257970447895
8.770810685790762
9.483666009385306
8.539107795489638
8.988713039701146
8.453197164467067
7.487318620700763
8.559679732074308
8.899941034696333
8.83606766894621
8.93016353683698
8.209909710132695
7.749378090368266
7.866290562501304
8.327264595453471
8.537990152006005
9.212444879306721
8.96168413645298
8.67374243257249
8.85159810964047
8.024266677470893
8.083662465899161
8.098157924449618
7.638762282247281
9.655367447423298
9.723710901059144
