1.2500508860217665
1.7648224177287994
2.2923840177573225
2.672375122679624
3.604780641112906
3.5127990782330607
4.014850365631848
3.929692768606124
4.593086694908364
4.829835929320245
5.591820929883995
5.456965464516474
5.63808971204018
6.055573942696721
6.777416627437013
7.368274271634914
7.84152015506649
8.270300518541776
8.217499251152423
7.972853890498636
8.604843563997102
9.166243980725914
8.974356283980418
9.863961683794612
10.324060727718907
9.892906755004645
10.627868891509344
10.208013620637708
10.67010345280453
11.051318285205284
10.881687098811875
11.214789059739287
11.32791747070189
11.849052948177247
13.089749614619128
12.778001100027502
13.193531752409687
12.927833498682439
12.749498744662466
11.523261016068284
12.03760558278148
12.92812564839593
13.129641199432251
13.862037055951252
13.258933032792855
13.392066238376865
13.9324361898146
14.623666721002504
13.656720799821173
14.106920987139471
14.537223983637354
15.259381418746006
14.508179841826163
14.365308633956777
14.502830481405956
13.872766037831541
13.494982808087478
13.076459761183083
14.09121871978893
13.914717117277794
14.77245248473024
14.178489822822801
14.169382314876161
13.958561930631502
14.52078871602091
13.8629882144696
14.10481481339138
13.905339844586182
14.721318573659243
14.981366078448898
14.796985775962494
15.130240553772786
15.333224804389959
15.197561200143594
15.453313602625665
14.49761173339576
13.687995555503734
14.739660369787885
14.934344130271882
15.234866713138953
15.17867077746783
15.53346126979621
15.456490573375136
15.446058234387399
15.361121747484669
15.072799943188858
15.805276249608163
15.829163218915868
15.283336083441334
15.26826943298235
15.444379235625256
15.497557850645869
15.216430387518805
15.03515511210839
15.247520462166941
14.897458630334398
15.196347395294248
15.139874843525563
15.254341915401358
15.176315598480489
14.928282316294403
14.979835351305622
14.7764605159634
14.784911251090888
14.243871616264162
14.936920333573713
15.020093213415182
15.655467138994798
14.092982359439526
14.1858538699847
15.08084312689818
13.927391117571336
15.014497255774694
14.88070738687535
14.437626382053212
14.400981351698142
13.601467364959843
12.977373290170128
13.50192042036767
13.099278244134824
12.891338506340436
13.275718822025166
13.116234932670698
13.395127880645019
13.421065850324174
12.97116906505624
13.626215721658873
12.856193153001797
13.339961369133867
13.486643961070117
12.707999992447922
12.30111391431044
12.214865674234767
11.43570522187753
12.060401551638849
11.666883393513226
11.78802560379881
11.071369378097621
12.313257839723816
12.232805753141303
12.483699105576356
12.079654270755997
11.584236381426525
11.99530829205874
11.464405912578478
11.095612628745615
11.215357359915307
10.40545181935739
10.20006886841305
10.459662677447557
9.82832526747252
10.347301039589746
9.847657889353401
9.690789806276284
9.614321430332316
10.052270382572862
9.381051353059986
9.181385168086456
8.785663116250337
9.475448596689317
9.58595289122345
9.241530352931775
9.189623474596836
10.187286117455807
9.646903642420183
10.086136082325996
9.596036908620338
9.53869662457071
10.416086052427364
9.544605853754085
9.624673547067973
9.806193506822373
9.748179857793275
9.397755582150056
10.079754783935256
10.634910648492419
10.489899157708779
11.381458958508757
10.434433153066246
10.897372239790032
11.39040642771492
11.388236105427039
12.326648299652444
11.852237191118595
11.793230984996864
11.723479581828395
11.239491056502233
10.847236741662067
10.837258979957896
10.156610273367653
10.101187040739903
10.634086179291897
10.524714955548598
10.941482302527353
11.505216964124182
10.756953239797916
11.189312257974791
10.205410115363359
9.69797300783978
10.19664318136578
9.917650550660309
10.85014622978794
9.99367411040663
10.590568121337142
10.403481204005129
9.44451735589599
9.978332564312453
9.926653694244374
9.724915640287087
9.199089872529598
9.298451007326216
9.532246014815005
9.751610929663514
9.40875817783606
9.682270900299399
8.556677509879062
8.015699308198702
8.518866209592355
7.844461137997564
8.647533136039725
9.876080528111794
9.663989319217206
9.380084320157462
9.280081936236133
8.971680447709591
8.86241708463973
9.014125419903324
9.44247833666453
8.978605165310737
8.817215197506783
9.050851396894098
8.713389271583832
8.587818266731635
9.27380416412538
9.296710044939983
8.629060251368815
9.230295542089685
8.261896543732535
8.660034184106346
8.783590167567525
9.653819090376855
8.092671964724966
9.040502442123257
9.761620546566316
9.029334955534221
9.28382040877251
8.72825355868984
9.339299083902903
9.617042876332231
9.096356656626492
8.931507114234199
8.725996931909826
9.053861406044145
9.293967367871176
9.662994764077762
9.434089086136058
8.976866034379347
8.796495912717784
9.135269873475146
9.344425017711458
8.996315351008853
9.03521901516287
8.325104384161506
8.811430496229155
9.053932173920106
7.898936503066256
7.756407418971299
9.153104305725932
8.004652422032692
9.44516360811428
9.025222051492902
8.527273982509874
9.513240150385254
9.280532521962947
9.717353275149472
8.47925192437456
8.402947020709512
8.33295495974308
8.327983922801952
8.820645201590471
8.633076741005862
9.793692069239707
8.62131893815713
9.081883201608212
9.17308431954765
8.790390680388835
8.509903292443525
8.64648796611444
8.695672935139145
7.769092269659543
9.387961478766572
8.726878013171707
9.25484691717836
9.236332711209077
7.925718934932968
8.748089857591651
9.276316509853483
9.958075198121538
10.200105235365292
10.051334377158637
10.509660881010145
10.028696086890289
9.488067245315236
9.494420005959663
9.649933910503677
8.554734347159572
8.735637614432097
9.283326391842863
8.367222179039146
8.087582426113347
8.343619726752328
8.597849227678132
8.265246919008284
8.199455874487995
8.120937541175572
9.210051528068721
7.7585287962966
8.457541277813606
8.435331017127723
8.797504095452071
9.461797419836744
9.323745235195652
8.575805735171624
8.844316772375963
9.22949540310384
9.513736407044455
9.686059553070198
8.981432881503578
8.723720393439354
8.182872919616647
8.906507435594257
9.262681312640645
9.309139900042448
9.506641020614143
7.952695278289193
7.789726032692017
8.217536184609402
7.586424410547747
7.900387907666903
7.291845188303515
9.108152857837897
8.876408802614087
8.33496196469606
7.974748547977336
8.807575746770906
9.202593746103657
8.300549378589798
9.698025166595137
8.214429090082254
8.00324942124185
9.223058885532192
8.53767627241896
8.568901824967503
8.575554066294577
8.450205535142755
8.673788631928508
8.097966522232129
7.494656045460238
8.176342504319052
7.5726498939952425
8.617328274878254
8.106407325758715
8.592854833281857
8.48774264248289
8.166190218434176
8.569621979623157
8.702650649644259
8.4602840642692
10.018993690410968
8.881008321872976
9.543577656398949
9.055202177026427
9.45338250701318
8.65385995694914
9.354711717344106
8.801980104934355
9.062736596844246
8.875132212984454
7.593124653741428
8.031346846722268
8.142986567510121
8.877047028585022
8.29019123934208
8.29944832271637
8.21609155233369
8.826664559182472
8.510093500916247
8.389033916251693
7.756263944232487
8.165153645432136
8.37486013157464
8.85602221182069
9.095492828855686
10.112994935846643
8.88065897875556
8.928089484345861
9.227767012292198
9.516288175368587
8.916058839422337
9.01912208923334
8.697212390031549
9.591752145026422
8.992626105264458
8.811480248602825
8.500002619235971
8.588882354961989
8.20616925859284
7.303490056059789
8.233148275192042
7.813340021248645
8.199690298294545
7.941373912541233
9.051667327463246
9.199969631518115
7.603372404108705
7.808988281982125
8.432020227827353
7.87844751414163
7.713083537211464
7.516958489771768
6.85349593188603
7.330262853595131
7.756785657834718
7.801820759403193
6.848696800511676
7.528510479238301
7.174305323181961
7.621800446123632
8.07999010330481
8.901796079543248
8.414112240361831
8.849881834964583
8.56795333222648
8.1475034490151
7.743910817620392
7.153720781195759
7.568231050475388
7.708907051184011
7.639159965955204
8.486057894840982
8.610767051205706
8.686100483959189
9.024145887183947
8.197485627096846
7.718804494138287
7.244054487089496
7.778475279289577
8.028814544699832
7.761344811017401
6.884150743177958
7.462085222732892
8.050977642975232
7.804275480470397
7.7014449708741255
8.189464012078073
8.171131747764203
8.223767354918508
7.678681461414179
8.553224445461897
6.7680010442917204
8.251641094548086
8.119907650445485
7.929036986544244
7.463526696133156
6.568855624243304
7.1948028504409
7.563617912470562
8.152783079535952
8.057408772722926
8.265503956256717
8.84715310469224
8.335576917865374
8.04485995434238
7.765458353875969
6.996223582713551
6.993383978198767
7.17962424627532
6.510291412989146
7.623618683362866
7.835940435741332
7.730486721235269
7.162714082454107
7.333054783712928
6.767682149161024
7.455515988971811
7.599095682032147
8.219321103835263
7.414550408209037
7.545615368083469
7.623322309310658
6.902173417321146
7.694790840363621
7.929938576004317
7.350068556397529
7.73510933169458
6.464386263919884
7.030665054121665
7.3723509823382605
7.4044831006289735
