0.5783642880417075
0.8960573476702508
1.2056044314108831
1.645487129358097
2.1831215379602478
2.517106549364614
2.8836754643206257
3.0221570544151186
3.747148908439231
4.5861844248941015
4.952753339850114
5.327468230694037
5.571847507331379
6.109481915933529
6.761159986966439
6.8181818181818175
7.551319648093842
8.145975887911373
8.732486151840991
9.25382860866732
9.506353861192572
10.402411208862821
10.92375366568915
11.673183447376996
11.868686868686869
12.561094819159335
13.098729227761485
13.05799934832193
13.66080156402737
13.848159009449331
13.864450961225156
13.473444118605407
14.190289996741608
14.475399152818508
15.273704789833822
15.127077223851417
16.234929944607366
16.68295861844249
17.147279244053436
16.87031606386445
17.611599869664385
18.149234278266537
18.434343434343432
18.597262952101662
19.24079504724666
19.17562724014337
20.21016617790811
20.25089605734767
20.07168458781362
20.698924731182796
21.252851091560768
21.529814271749757
21.74160964483545
21.85565330726621
22.189638318670575
21.774193548387093
22.62952101661779
23.175301401107852
23.949169110459433
24.250570218312152
24.86966438579342
24.45421961550994
24.519387422613228
24.967416096448357
26.18116650374715
26.034538937764744
26.11599869664386
26.72694688823721
27.46823069403715
27.44379276637341
28.258390355164547
28.299120234604104
28.47833170413816
28.967090257412835
29.317367220593027
29.960899315738025
30.221570544151188
30.824372759856633
31.068752036493976
32.24991854024112
31.753014011078523
32.17660475724992
32.68980123818833
32.54317367220593
32.58390355164549
32.412838057999345
33.162267839687196
32.78755294884327
33.064516129032256
33.56142065819485
34.4574780058651
34.986966438579344
34.07461713913327
35.35353535353536
35.33724340175953
34.71000325839035
34.72629521016618
35.25578364288042
35.78527207559466
36.23330074942978
36.54284783317042
36.06223525578364
35.426849136526556
35.62235255783643
36.11111111111111
36.697621375040725
37.34115347018573
37.520364939719784
36.35549038774845
36.453242098403386
38.29423264907136
37.251547735418704
37.5366568914956
37.28413163897035
37.56109481915934
37.91137178233953
38.31052460084719
37.76474421635712
38.57119582926035
39.80938416422288
39.434669273378944
39.882697947214076
40.17595307917888
39.231019876181165
39.22287390029325
38.24535679374389
38.77484522645813
38.20462691430433
39.27989573150864
39.76865428478331
39.33691756272402
39.084392310198766
39.30433365917237
39.21472792440534
39.7605083088954
39.94786575431736
40.60768980123819
40.75431736722059
41.593352883675465
41.39784946236559
41.11274030628869
40.15966112740306
40.77875529488432
40.53437601824699
41.29195177582275
40.982404692082106
40.86836102965135
41.422287390029325
41.71554252199413
42.68491365265559
41.332681655262306
42.342782665363316
42.65232974910395
43.515803193222546
43.15738025415445
41.707396546106224
41.99250570218312
41.64222873900293
41.32453567937439
42.04138155751059
42.13098729227762
42.790811339198434
42.261322906484196
43.47507331378299
43.16552623004236
42.750081459758874
43.20625610948191
41.9843597262952
43.95568589116976
43.45063538611926
43.931247963506024
43.75203649397197
42.77451938742261
43.12479635060281
42.88041707396546
42.261322906484196
42.99446073639622
43.25513196480939
43.988269794721404
43.34473769957641
43.13294232649071
43.72759856630824
44.23264907135875
44.46073639622027
44.55034213098729
44.94949494949495
44.770283479960895
44.30596285434995
43.98012381883349
43.66243075920495
43.458781362007166
43.66243075920495
43.41805148256761
44.39556858911698
44.607363962202676
45.6256109481916
45.039100684261975
44.941348973607035
44.012707722385144
44.89247311827957
44.623655913978496
44.680677745193876
44.623655913978496
44.63180188986641
44.794721407624635
44.90061909416748
44.64809384164223
44.74584555229716
45.56858911697621
45.10426849136527
44.24894102313457
44.78657543173672
45.10426849136527
45.128706419029
45.75594656239817
43.81720430107527
44.566634082763116
44.00456174649723
43.7683284457478
44.09416748126426
44.49332029977191
44.811013359400455
43.71130661453242
44.15118931247964
44.95764092538286
43.94753991528185
45.79667644183773
46.01661779081134
44.63994786575432
44.314108830237856
44.38742261322906
43.898664059954385
45.039100684261975
44.22450309547084
43.87422613229065
43.96383186705767
45.14499837080482
45.421961550993814
45.65819485174324
44.582926034538936
44.72140762463343
45.78853046594982
45.690778755294886
44.61550993809059
43.58911697621375
44.51775822743564
44.40371456500489
45.096122515477354
45.32420984033887
44.51775822743564
44.95764092538286
44.794721407624635
45.169436298468554
45.096122515477354
45.92701205604431
45.59302704463995
44.72955360052134
44.99022482893451
44.67253176930596
44.542196155099376
44.0534376018247
44.485174323884
44.76213750407298
45.193874226132294
45.29162593678722
45.44639947865755
45.83740632127729
46.18768328445748
45.54415118931247
44.811013359400455
45.50342130987292
45.73965461062235
46.47279244053438
45.16129032258064
44.851743238840015
45.94330400782013
46.089931573802545
45.4871293580971
44.93320299771913
46.09807754969046
45.690778755294886
45.32420984033887
44.24079504724666
45.30791788856305
45.75594656239817
45.65819485174324
45.136852394916914
45.43010752688172
45.56858911697621
45.136852394916914
45.14499837080482
46.44020853698273
45.169436298468554
45.83740632127729
45.59302704463995
45.20202020202021
44.36298468556533
44.07787552948844
44.15118931247964
44.99022482893451
45.39752362333008
44.11045943304008
43.39361355490388
43.670576735092865
44.39556858911698
43.988269794721404
44.20821114369502
44.19191919191919
44.485174323884
44.770283479960895
45.5604431410883
44.84359726295211
44.95764092538286
44.93320299771913
45.210166177908114
44.680677745193876
44.664385793418056
44.44444444444444
45.85369827305312
45.56858911697621
46.12251547735419
46.18768328445748
45.92701205604431
46.09807754969046
46.61942000651678
47.18963831867058
46.65200391006843
46.945259042033236
45.35679374389052
44.00456174649723
44.582926034538936
44.46073639622027
45.5604431410883
46.02476376669925
46.106223525578365
45.67448680351906
45.153144346692734
45.552297165200386
46.65200391006843
47.31182795698924
47.385141739980455
46.09807754969046
45.992179863147605
46.31801889866406
46.24470511567286
47.51547735418703
47.08374063212772
46.985988921472796
47.16520039100685
46.562398175301404
46.31801889866406
46.53796024763766
46.22841316389704
46.26914304333659
47.613229064841974
46.985988921472796
46.888237210817856
46.26914304333659
46.008471814923425
46.49723036819811
46.78233952427501
45.74780058651026
46.93711306614532
46.04105571847507
45.421961550993814
46.54610622352558
46.33431085043988
46.757901596611276
47.35255783642881
45.82926034538937
45.73965461062235
45.54415118931247
46.220267188009124
47.19778429455849
46.05734767025089
45.861844248941026
47.04301075268817
46.66829586184425
46.464646464646464
46.9208211143695
46.17953730856957
46.049201694362985
45.92701205604431
46.78233952427501
46.74975562072336
47.002280873248615
47.25480612577387
45.95959595959596
44.5584881068752
45.02280873248615
45.29977191267513
45.283479960899314
45.47083740632128
45.43825350276963
45.37308569566634
45.37308569566634
44.607363962202676
45.9840338872597
44.53405017921146
44.15118931247964
44.664385793418056
44.51775822743564
44.50961225154773
44.37113066145324
43.760182469859885
44.99837080482242
45.055392636037794
44.770283479960895
45.08797653958945
46.236559139784944
45.935158031932225
45.421961550993814
46.49723036819811
46.375040729879444
46.24470511567286
46.757901596611276
46.163245356793745
46.36689475399153
46.25285109156077
45.60117302052787
46.26914304333659
46.63571195829261
46.106223525578365
46.603128054740964
46.47279244053438
47.613229064841974
47.67839687194526
47.33626588465298
47.588791137178234
48.88400130335614
47.32811990876507
47.14076246334311
47.31182795698924
48.09384164222873
47.89019224503095
45.878136200716845
46.93711306614532
47.401433691756274
47.401433691756274
47.31182795698924
48.24861518409905
49.07950472466601
48.33822091886608
48.541870316063864
48.427826653633105
47.52362333007494
47.246660149885955
47.401433691756274
47.54806125773868
46.415770609319
46.40762463343109
47.67839687194526
48.23232323232323
47.14890843923102
47.62137504072988
47.89019224503095
47.93092212447051
47.157054415118935
47.18963831867058
47.9227761485826
46.17953730856957
46.72531769305962
46.66829586184425
47.246660149885955
48.069403714565
47.246660149885955
48.069403714565
47.42587161942001
47.54806125773868
47.97979797979798
48.623330074942984
47.65395894428153
48.867709351580324
49.055066797002276
48.24861518409905
48.501140436624304
47.319973932877154
48.110133594004566
47.40957966764419
47.996089931573806
47.85760834147931
49.14467253176931
48.58260019550342
47.82502443792766
47.83317041381557
46.89638318670577
46.985988921472796
48.19159335288368
47.474747474747474
48.15086347344412
47.588791137178234
47.90648419680678
47.613229064841974
48.53372434017595
47.66210492016944
47.7109807754969
47.40957966764419
47.60508308895406
48.028673835125446
