0.5968778696051423
0.7575757575757576
1.2243648607284972
1.6375880012243647
1.9054178145087235
2.2421181512090604
2.731864095500459
3.083868992959902
3.803183348637894
4.400061218243037
4.859198041016223
5.234159779614325
5.700948882767064
5.540250994796449
6.106519742883379
6.688093051729416
6.726354453627181
7.185491276400367
7.736455463728191
8.455769819406182
9.029690847872667
9.03734312825222
9.75665748393021
10.29996939087848
10.460667278849096
10.49127640036731
10.720844811753901
10.820324456688093
11.585552494643403
12.006427915518824
12.710437710437711
13.253749617385981
14.85307621671258
14.768901132537495
15.07499234771962
14.79951025405571
14.822467095194366
14.416896235078053
15.54178145087236
16.0085705540251
16.467707376798288
16.421793694520968
17.27119681665136
17.255892255892256
17.944597490052036
17.921640648913375
18.20477502295684
18.07468625650444
18.62565044383226
19.306703397612488
18.992959902050814
19.436792164064894
19.153657790021423
20.63820018365473
20.39332721150903
20.974900520355067
21.235078053259873
21.87021732476278
22.000306091215183
23.163452708907258
23.308846036118762
23.293541475359657
23.997551270278546
23.484848484848484
23.775635139271504
24.349556167737983
23.63789409243955
24.60208142026324
23.8904193449648
24.670951943679217
24.663299663299664
24.074074074074073
25.42852770125498
25.803489439853077
25.757575757575758
26.92072237526783
26.9742883379247
26.163146617692075
26.124885215794308
26.55341291704928
27.142638506274867
27.288031833486382
27.869605142332414
28.27517600244873
27.915518824609737
27.80838689929599
28.99449035812672
28.42056932966024
28.95622895622896
29.713804713804713
28.489439853076213
28.435873890419344
27.724211815120903
29.0633608815427
29.178145087235997
28.389960208142025
28.74196510560147
28.79553106825834
29.300581573308847
29.017447199265376
29.331190694827058
29.797979797979796
30.264768901132538
30.655035200489746
31.366697275788187
31.144781144781142
30.563207835935106
31.57330884603612
32.24670951943679
31.62687480869299
31.89470462197735
32.61401897765534
33.884297520661164
34.358738904193444
34.121518212427304
33.98377716559535
34.1062136516682
34.84848484848485
34.68778696051424
35.01683501683501
34.60361187633915
36.08815426997245
35.41475359657178
34.05264768901132
35.90449954086318
36.14937251300888
35.81267217630854
36.27180899908172
36.86103458830732
37.01408019589837
37.63391490664218
37.53443526170799
37.00642791551882
36.868686868686865
36.60085705540251
36.562595653504744
36.40955004591368
36.61616161616162
36.92990511172329
37.04468931741659
37.641567187021735
37.84052647689011
39.50107131925314
38.743495561677385
37.79461279461279
37.44260789715335
37.22834404652587
36.478420569329664
37.3201714110805
38.52923171104989
37.90939700030609
38.896541169268446
39.25619834710744
38.59810223446587
38.735843281297825
39.39393939393939
39.93725130088767
39.47046219773493
39.72298745026018
40.13621059075604
40.49586776859505
40.18212427303337
39.72298745026018
40.0290786654423
39.91429445974901
39.81481481481482
39.73063973063973
39.87603305785124
40.113253749617385
40.58769513314967
39.33272115090297
40.564738292011015
39.92194674012856
40.327517600244875
40.273951637588006
41.04683195592286
40.970309152127335
40.70247933884298
40.33516988062442
39.98316498316499
40.60299969390878
41.78910315273952
42.286501377410474
41.68197122742578
41.93449647995103
41.911539638812364
42.31711049892868
42.09519436792164
41.6284052647689
42.14876033057851
42.50841750841751
42.24058769513315
42.20997857361494
42.54667891031528
43.24303642485461
43.25068870523416
42.07988980716253
42.829813284358735
42.194674012855835
43.1129476584022
43.135904499540864
43.273645546372826
43.03642485460667
44.25313743495562
44.758187940006124
45.156106519742885
45.65350474441384
45.6917661463116
45.645852464034284
45.41628405264769
43.90878481787573
45.22497704315886
44.61279461279461
45.079583715947344
44.79644934190389
45.04132231404959
45.23262932353841
45.852464034282214
45.286195286195294
45.707070707070706
45.17906336088154
45.883073155800425
45.02601775329048
45.02601775329048
45.37802265074992
44.70462197734925
44.79644934190389
45.11784511784512
45.79124579124579
44.83471074380165
46.288644015916745
45.87542087542087
45.92898683807775
45.99785736149373
45.22497704315886
45.607591062136514
44.41383532292623
44.04652586470769
44.023569023569024
43.91643709825528
44.092439546985
45.55402509947965
45.714722987450266
46.541169268442
47.55127027854301
47.42883379247015
45.59993878175696
45.883073155800425
46.319253137434956
46.90847872666054
47.09978573614937
46.90847872666054
45.92898683807775
46.49525558616468
46.20446893174166
46.26568717477809
45.23262932353841
45.462197734925006
46.21212121212121
47.16100397918579
46.54882154882155
46.77073767982859
47.75022956841139
47.49005203550658
46.104989286807466
46.181512090603
47.63544536271809
45.90602999693908
46.91613100704009
45.3168044077135
46.411080501989595
46.20446893174166
46.24273033363943
45.74533210896847
45.737679828588924
46.127946127946124
46.54882154882155
46.44934190388736
46.23507805325987
46.70186715641261
46.082032445668816
46.686562595653506
45.82185491276401
46.31160085705541
46.808999081726355
45.79124579124579
45.79124579124579
46.83195592286501
46.51821242730334
46.196816651362106
46.62534435261708
47.543617998163455
47.56657483930212
47.505356596265685
46.962044689317416
46.686562595653506
47.06152433425161
47.28344046525865
47.084481175390266
47.298745026017755
48.063973063973066
48.974594429139884
48.025711662075295
48.31649831649832
47.83440465258648
48.6455463728191
48.339455157636976
48.515457606366695
48.6608509335782
48.37006427915519
48.37771655953474
46.70186715641261
47.40587695133149
46.91613100704009
46.082032445668816
46.96969696969697
47.39822467095195
48.01805938169575
48.46954392408938
47.015610651974285
46.87786960514233
47.903275176002445
48.56902356902357
47.98745026017753
48.43893480257117
48.62258953168044
48.30119375573921
48.821548821548824
49.51790633608815
49.67860422405877
48.729721456994184
49.37251300887664
51.05601469237833
49.80104071013162
50.260177532904805
49.47964493419039
49.60973370064279
48.339455157636976
47.689011325374956
48.4159779614325
49.93112947658402
48.798591980410166
49.08937863483318
48.14049586776859
47.910927456382005
47.964493419038874
49.41842669115396
49.288337924701565
49.90052035506581
49.68625650443832
50.16069788797062
49.923477196204466
50.45913682277319
50.3902662993572
49.8699112335476
50.130088766452396
50.39791857973675
50.45148454239363
50.03826140189776
49.67095194367921
48.61493725130088
48.706764615855526
49.923477196204466
50.688705234159784
49.48729721456994
49.70921334557698
49.778083868992965
48.81389654116927
49.640342822160996
50.359657177839004
49.37251300887664
49.770431588613405
49.22711968166514
50.00765228037955
50.36730945821856
50.0
49.90817263544536
50.505050505050505
49.73217018671564
50.70400979491888
50.67340067340067
49.885215794306696
50.13774104683195
51.06366697275788
48.80624426078972
50.39791857973675
51.56871747780839
50.359657177839004
51.331496786042244
50.895316804407706
51.56106519742883
51.76767676767676
50.895316804407706
51.2243648607285
52.96143250688705
51.46158555249464
51.72176308539945
51.446280991735534
51.55341291704928
52.10437710437711
51.90541781450872
52.38751147842057
52.341597796143255
51.43097643097643
51.476890113253745
51.73706764615855
52.066115702479344
52.21150902969085
51.14018977655341
50.45148454239363
49.80104071013162
49.81634527089073
49.426078971533514
48.53841444750536
48.37771655953474
49.433731251913066
50.31374349556168
50.36730945821856
50.16069788797062
49.74747474747475
49.778083868992965
50.52035506580961
49.96939087848178
49.33425160697888
49.11233547597184
50.17600244872972
50.15304560759106
50.573921028466486
49.67095194367921
49.96939087848178
49.219467401285584
49.8699112335476
49.38781756963575
49.456688093051724
49.51790633608815
49.219467401285584
49.3954698500153
50.42852770125498
50.93357820630548
50.413223140495866
50.359657177839004
50.198959289868384
49.44138353229262
47.99510254055709
48.1558004285277
48.523109886746255
49.25772880318335
48.37006427915519
48.75267829813284
49.36486072849709
48.461891643709826
48.209366391184574
47.73492500765228
48.53076216712581
48.729721456994184
48.65319865319865
49.250076522803795
49.05876951331497
48.98224670951944
50.79583715947352
49.211815120906024
48.73737373737374
48.44658708295072
48.50015304560759
48.882767064585245
48.84450566268748
48.56902356902357
49.81634527089073
49.54086317722681
49.50260177532905
50.749923477196205
49.831649831649834
49.37251300887664
49.99234771962045
49.83930211202939
50.44383226201408
49.23477196204469
49.11233547597184
48.83685338230793
49.11233547597184
48.859810223446594
49.22711968166514
49.32659932659933
48.87511478420569
49.1352923171105
49.31129476584022
49.94643403734313
49.91582491582491
49.7551270278543
50.00765228037955
48.81389654116927
49.96173859810224
49.69390878481788
49.464340373431284
49.525558616467706
50.94123048668503
49.91582491582491
49.96939087848178
49.288337924701565
