1.252591330027244
1.4563842732459664
2.2272680688937894
2.610166149347694
3.196424896342563
3.2212913770924922
3.5723200795073593
4.022033594986104
4.312169232439981
4.939546597440392
5.471042673901761
5.695859444540465
5.704209631057634
5.361789898524253
5.264113146107276
5.727754807914721
5.851185671985995
6.859308153514769
6.767363113554802
7.466085515404497
7.557094416911379
7.693275909431158
8.01652710509297
8.632070338722727
9.06963112537679
8.784348286764194
9.318482592453204
8.910433647631798
9.640993085665862
10.02879995504253
10.840304928670335
11.039203855903486
11.869960510520112
10.507762412964244
10.660585205190712
9.9159305501109
9.855004486070547
9.937756819561477
10.192975078409765
10.94993995867621
10.654191595045498
10.322833332557508
10.97043806351943
9.885654295871062
9.811795743450267
10.257238774050267
10.431061469478845
10.0173360876913
10.53664901008152
10.162514945918717
10.41014100900741
10.670887250488896
11.414351342026649
12.114050708739667
12.124696841590234
11.49482922203193
11.618165368269908
12.326661380129384
12.089484761305668
12.916443681814338
12.750205170795962
12.737355914872103
13.015520313704695
12.481453988437467
12.678929970975167
12.132381266759685
11.735717879048737
12.834113643912055
12.180948920476125
12.661254519227652
12.56616102307693
12.764690538884448
12.568006218758152
13.10610432844338
12.661489321105293
13.698517221178506
12.753816400200593
12.259064501493915
11.804176034160916
12.19063923194735
12.74560864107476
12.400299636947167
12.4741133035956
12.955760479633463
12.792394370406127
12.15963825884273
12.801419809460867
12.440922673998651
12.468268164154416
13.16074143520444
12.788231463032215
13.009708189548633
11.855786203407053
12.017551377704029
12.011872642004201
11.44840699441335
11.719156676416686
11.256899190308713
12.0078526025366
11.495157678126306
11.135563475143345
11.495778356932075
11.794120308778071
12.341296991987278
12.736004450343172
10.914173804107232
11.080073349532439
11.137301344936725
11.207199975668672
11.813886000115858
11.619790124223456
11.968757845802473
12.54244980536935
11.891757800301407
11.56932172795714
12.381549363607293
11.94419424000728
13.202246998692205
12.645411769968531
12.078509776278318
12.33088608671097
12.420603827932956
11.671438746429114
11.311348443592038
12.765733894376519
12.396213703399415
12.758969199065415
12.814573703386511
12.920576784833674
12.317360476930709
12.96749238278705
12.591298626543038
12.556777085924494
12.201238030473387
12.143924491953591
12.511797792542284
12.324673916955982
12.662186657012741
13.546573401083261
13.223480388461779
12.358535195290955
12.992002221774648
13.908763106689504
13.493820339817066
13.084185148257449
13.414227528614314
14.064270981295365
13.308468331073492
13.499450459994577
13.334382582009866
12.746399334230984
13.50653103294549
13.031882671863517
13.97393909987536
13.334737069384278
13.081610556995587
13.298886127157052
13.342172443985422
12.98541034738356
13.218947223420264
13.076782684682447
12.277587773210048
12.171771150338746
12.513187727118149
11.775359130166274
11.397930926610274
11.270431312603653
12.191724398837401
12.335919121327024
12.751557461684296
12.149835134999083
12.796876523053374
11.966256302014626
12.130028658463024
12.613454453472691
12.180812244660864
11.471007942972278
10.777275400013526
10.906459711621437
11.723126093814882
11.166380440609846
11.28503789495436
12.071754010946322
11.607618119970855
12.303080602873285
12.031685837451223
12.265559554238447
12.327146137458286
11.902342998194463
12.02408046254247
12.812330117691001
12.102950619540863
12.095304028336184
11.443794161378094
12.21562722257911
11.46180898712602
10.08240675806582
10.831119269576233
11.419806550535393
10.845029163610448
10.601056011227723
11.8253051971561
11.34164846808741
11.829819528343972
11.668496394160996
11.632864338006046
12.009286009884653
12.100869908298836
12.331052441078365
11.770806232758353
12.45962416021317
12.362967838654798
12.478021248854839
12.182669440202492
12.39111878717413
11.140706890079588
11.794392538488625
11.345453864581012
11.425355429935774
11.410548079445384
11.435945995343323
11.601200603069806
11.603906384241602
10.867298297015562
10.30533150110657
10.73285749362376
10.465442071561508
10.375574297164295
11.01545792327787
10.982441913966344
11.612442370786676
11.866854438164214
11.514155952778154
11.03751518376685
10.421557894069748
10.90684949813541
10.168337693917039
10.115962185877216
9.801537068154756
10.267253504952132
9.661766624419101
11.159469427934507
9.878768185311113
10.258003911740051
10.354716867124205
9.269051141071827
9.511865253678636
8.69429329097466
8.55576111039172
9.410557170694101
10.375565701259006
9.891579910379665
9.75630914313889
9.291104339184223
9.955140378198175
9.518098542711337
10.194258314924426
9.557848674685749
9.574158361504942
9.396055084006383
9.83072066866367
10.238718944334831
8.425618282525862
8.64346945094487
9.80521250822014
9.420815580837374
10.487987117267949
9.418315945643698
9.538382364640759
9.98831675845826
10.533152593369218
10.287036973698719
10.900428511314093
10.720718386412509
10.819848790941728
10.502634551747231
9.587401955780857
10.266312414620911
10.014854725523893
9.63706067083722
9.921109946927281
10.071101325762092
9.85821066776281
10.632102448784792
10.152610659985159
11.033967322760569
10.00628989683863
10.087615615809833
9.6841442588858
9.149092791273228
9.779321660345852
8.334162735037106
9.19175230212538
9.236033552938231
9.204800022376535
8.837053418739343
8.891408968061178
9.693312713494645
9.1694763694125
9.496475444939689
9.649416933247894
9.061061983562968
8.298697663969309
8.230134150738284
8.884280941465379
8.796563995296104
9.104179708582297
8.180656813158672
8.77259002130701
8.617927884241798
9.072551244060739
8.438666869224043
9.40403763472759
9.865605340066299
9.612124203059578
9.912380141694621
10.324353828814095
10.11859797706532
9.26746015637042
9.68438677619153
9.25980935090694
8.74335299147058
8.519826215895188
8.690794555797842
9.955725677825859
8.817678246130106
7.269724604419513
7.777088201064799
8.749270735065204
8.176222036827912
8.699707911295109
7.869747870044749
8.173865537881179
8.36470926339384
9.39082353194521
9.634107991990977
9.230047825021549
9.111073704526447
8.797858298689325
9.71641017957624
10.459409535389648
8.93010028428408
10.539890413238764
8.902105334426258
8.83117093344341
8.813860838563977
7.785615695862069
8.205132051334662
8.143318677715214
8.23224703418106
8.413955832459283
8.47116706206187
8.101046564124784
8.001159263240524
8.544537252343362
7.573587156619392
8.449957468964516
9.134458749827184
8.059076551124669
7.928088944094072
7.320652014975236
7.960018362631198
8.336213589150377
8.644680067143945
7.987265704175865
8.069174126287633
7.380880611447884
7.85249154189459
8.269819959034423
8.441245286641118
7.082940137069106
7.755283781758802
7.383055334383677
8.372031090009159
8.074757570962053
7.3855957270889085
7.642497572886158
7.8347342892443645
7.706063848385525
8.119506593516828
7.457682978983164
8.276475027794973
7.783752059513857
8.337572225045864
8.344867985950252
8.44252363598454
7.960018362631198
7.07390600936361
7.722045940959626
7.050584895535232
6.913973424831915
7.165120574987164
6.89525658585551
6.424616623552644
7.257433610805282
6.439301026420374
6.972892791585274
7.159442291812278
7.87834487929392
7.678701415415362
8.43009466124939
8.36549113216124
7.401325896591699
7.744347034128313
6.662845674597552
7.001060468482678
7.600698273477474
7.052794021295776
7.068103975300616
6.708522036573732
6.426948399648522
6.524968879907307
6.641948929007259
7.031263491648403
7.581978875964246
6.832779648468619
6.664291182532296
6.19860087017398
6.931790599458028
6.91313490068511
6.803203085665069
7.152358881221469
7.748042933975851
7.101254410448825
6.727175080001753
7.301963823427157
6.68205336105551
7.065647187010121
7.3874511511180465
6.97846300071137
7.6055780960684825
7.87535567964488
7.608329435764063
6.646924339924812
6.870533036196637
6.890352626875446
7.568356756430311
7.247886884172996
7.342026321645682
8.311541326340155
8.436129952150699
7.9223383394854645
7.942250726106212
7.77286684230607
7.749366581382357
7.897250202417413
7.709118690977341
7.253598394385456
7.096865641011328
7.622652374673994
8.264440245470048
7.927440193616814
7.792669033226775
6.641854933051648
8.023907293719377
7.131679244094396
8.33809636396242
7.486333847414671
7.183850239996505
6.831944213410229
7.91552449245771
6.693366749067472
7.51585256172217
8.151867873818665
8.194382111272782
7.0305023859569475
6.747865175192322
7.070505249443112
7.640350003901046
8.520705501020016
8.899055791340993
7.943833926255747
7.645655581656345
7.510724452491124
8.29038594826987
8.74123100987389
8.556438659997673
8.601184094526428
8.968777164040304
9.185410832332577
8.664030352168183
9.456193821338868
8.687109614001162
8.740907906594726
8.280726869476771
8.659194259836138
8.316836954587316
8.20111652202352
9.17565713316351
8.489330051995758
8.59179484177458
8.489246004978659
8.853357850683922
8.100635537226763
7.129778107758715
6.450113790663529
6.495400413651254
7.051187836308477
7.096731590082217
